24.772499,1.634893
28.792363,3.838399
28.406535,4.159456
30.364742,4.217596
24.916652,3.751208
21.741473,4.497916
30.867029,0.360304
27.462621,3.486132
31.807599,2.914207
36.177655,5.331407
32.387578,6.128087
42.014605,17.219356
50.330914,35.209707
15.601396,1.126664
20.977554,5.821771
21.345918,1.843721
24.882496,7.447698
19.306937,3.328455
24.850499,5.150347
24.934039,6.049985
12.504760,1.458294
10.263972,0.035858
54.508851,0.971574
53.925793,2.423762
10.247757,0.526616
11.076204,0.620254
11.941836,1.981703
48.959858,5.223845
45.318551,2.537502
44.107883,3.366967
41.381394,1.264260
41.008875,6.127209
40.457261,6.033406
31.030429,9.779904
21.093333,2.247806
26.268210,3.671767
26.316687,2.850227
30.046786,8.492244
33.232241,5.796647
41.278191,1.772500
38.648958,4.794537
37.936304,4.123889
35.893708,5.286921
40.624346,4.934881
32.550498,4.862056
20.365513,4.799844
28.389140,4.402810
35.430746,2.283278
28.683775,1.146153
25.924879,2.926416
26.460154,2.694730
29.435604,3.123701
17.598868,0.948947
23.106723,2.373360
30.840449,17.265488
15.627534,3.197157
28.935175,0.071770
25.711365,6.111426
23.838992,6.949848
24.160687,5.240136
22.777830,0.381279
28.370653,1.007030
22.159411,0.668530
18.777330,1.132224
28.951425,1.483441
31.552787,7.565788
31.708500,0.324915
33.406123,0.949974
33.077114,2.936607
30.769348,3.252467
24.557511,0.313035
27.242042,1.274202
19.477403,3.241963
31.969184,0.210045
32.097283,2.224992
29.606021,0.317011
37.619378,0.029441
32.172376,16.115551
15.421876,0.906570
24.158035,7.699226
