33.949513,1.633630
39.492765,3.836334
38.988509,4.157928
41.685982,4.216309
34.214885,3.750304
29.865842,4.497275
42.332365,0.360096
37.648442,3.483748
43.568411,2.911546
49.498876,5.324858
44.325408,6.121040
57.552107,17.203854
68.976581,35.182591
21.184351,1.122270
28.481003,5.798764
29.180585,1.840989
33.514009,7.383033
25.554481,3.251112
32.955249,5.035214
33.047891,5.913032
16.414236,1.422417
13.171015,0.034972
74.835675,0.971290
74.046486,2.423152
12.894952,0.513611
13.617954,0.604938
14.975244,1.932766
67.214417,5.222258
62.194682,2.536506
60.521043,3.365466
56.771669,1.263647
56.235757,6.123513
55.467325,6.029415
42.536847,9.773050
28.657071,2.239563
35.686218,3.658243
35.826479,2.842078
40.032060,8.331434
44.449957,5.709223
55.403021,1.751807
52.011286,4.749649
51.197450,4.093987
48.482552,5.251565
54.977658,4.907497
44.042511,4.834543
27.492642,4.765984
38.307957,4.370496
47.701227,2.262700
38.583033,1.134988
34.571651,2.873477
35.293046,2.646538
38.844204,3.048496
22.766195,0.925512
29.862953,2.314747
42.217576,17.246743
20.700090,3.123857
39.748153,0.071760
35.321798,6.110674
32.747805,6.948893
33.186882,5.239296
31.284636,0.381209
38.968359,1.006859
30.435392,0.668408
25.788783,1.132000
39.757351,1.483104
42.194886,7.450091
43.203156,0.324085
45.363589,0.946297
44.612313,2.914073
41.642710,3.234505
33.427203,0.312125
37.217282,1.272071
26.442892,3.229077
43.728261,0.209769
43.753089,2.219669
39.937104,0.314614
51.364777,0.029386
43.629593,16.043292
20.084875,0.884184
32.904382,7.678633
