30.565114,1.967159
36.055487,4.650215
36.027099,5.065827
38.712900,5.147128
31.953568,4.588026
28.172065,5.521682
38.552404,0.436005
34.064896,4.205343
38.936061,3.492429
43.596984,6.332938
39.173485,7.295285
51.466205,20.643418
62.107017,42.367910
17.405618,1.243561
23.381466,6.417071
25.442488,2.174677
26.328743,7.435903
19.348257,2.961548
24.977656,4.597415
25.038936,5.394686
12.440029,1.292145
10.189066,0.031766
69.574235,1.186219
69.085246,2.963342
10.179428,0.466530
11.011955,0.547925
11.863556,1.755591
62.426483,6.375387
57.360763,3.087962
55.600674,4.090533
52.014490,1.534110
51.129302,7.408730
50.253227,7.282847
38.449823,11.791694
23.636287,2.496350
29.425815,4.076013
30.018792,3.235602
30.498760,7.700601
34.128474,5.389315
42.958021,1.700975
40.716417,4.738093
40.583362,4.219817
38.595699,5.469188
44.222536,5.230573
35.386918,5.140632
21.824213,4.929789
30.347078,4.497834
37.408381,2.268113
30.149792,1.126593
26.378189,2.666209
26.938876,2.458108
29.394179,2.771830
17.467733,0.840653
22.934638,2.102508
37.418345,20.590959
15.678141,2.847838
37.507258,0.088117
33.395304,7.508557
30.909162,8.533523
31.243647,6.428320
29.379577,0.467308
36.651793,1.234945
28.585506,0.819409
24.185684,1.386996
37.176510,1.815239
32.381017,7.022810
36.459309,0.371978
37.289777,1.049361
35.261047,2.981866
33.505497,3.449432
27.978236,0.354880
32.226796,1.494969
21.700460,3.571322
38.382073,0.248928
37.074490,2.558689
31.589337,0.322541
44.211160,0.034369
35.540294,17.522591
15.311122,0.803115
27.687046,8.784890
