28.710578,1.636338
33.343545,3.840711
32.877734,4.161124
35.136714,4.218982
28.826162,3.752166
25.144492,4.498573
35.750785,0.360537
31.819092,3.488840
36.880867,2.917283
41.989097,5.339107
37.581215,6.136342
48.713878,17.237266
58.331636,35.240745
18.216033,1.132060
24.495177,5.850034
24.793269,1.846964
29.188535,7.528345
22.708290,3.437202
29.235288,5.309840
29.332000,6.240574
14.673122,1.510310
11.893495,0.037146
63.072418,0.971879
62.389195,2.424410
11.731804,0.545542
12.501131,0.642540
13.642398,2.052924
56.653931,5.225556
52.456189,2.538594
51.064075,3.368627
47.913930,1.264941
47.501496,6.131376
46.871651,6.037931
35.954910,9.787705
24.619042,2.257915
30.659713,3.688354
30.669540,2.860155
35.349393,8.705634
39.074502,5.908988
48.488533,1.798591
45.354411,4.850636
44.458698,4.161030
42.045787,5.330768
47.535211,4.968734
38.092336,4.896080
23.863309,4.841878
33.272313,4.442955
41.570024,2.308966
33.666762,1.160124
30.497481,2.996090
31.126408,2.758035
34.600276,3.231248
20.493335,0.983051
26.891792,2.458657
35.778910,17.287377
18.382637,3.299653
33.463820,0.071780
29.733829,6.112187
27.569839,6.950822
27.944000,5.241001
26.346678,0.381352
32.814170,1.007206
25.631264,0.668657
21.720350,1.132457
33.492475,1.483798
37.101427,7.714667
36.929172,0.325922
39.002806,0.954488
38.776081,2.964627
36.002680,3.274670
28.622247,0.314145
31.658493,1.276746
22.744286,3.257795
37.113772,0.210370
37.368419,2.231440
34.704178,0.319991
43.739249,0.029506
37.596501,16.204542
18.027938,0.939143
28.142970,7.724261
