25.303707,2.080047
30.048253,4.932600
30.204138,5.386579
32.538976,5.478244
26.936979,4.888243
23.880843,5.893530
32.090772,0.462236
28.267603,4.451896
32.122319,3.686024
35.725712,6.656819
32.151457,7.676128
42.472499,21.791382
51.418653,44.800396
13.788837,1.269558
18.514689,6.548537
20.751468,2.278533
20.271484,7.458814
14.039679,2.961551
18.249605,4.597431
18.258792,5.394699
8.747629,1.292145
6.498716,0.031766
58.511687,1.262786
58.208897,3.156686
5.917899,0.466523
5.684898,0.546283
6.781348,1.755430
52.473270,6.785638
48.043393,3.282259
46.479190,4.344554
43.423202,1.628475
42.525741,7.851609
41.726800,7.712127
31.891282,12.480164
18.763423,2.553446
23.355972,4.168663
24.023616,3.335361
22.645391,7.700932
25.676134,5.390694
32.691701,1.702631
31.259150,4.749302
31.456787,4.242724
30.004445,5.506420
34.609149,5.287055
27.675078,5.193723
16.933290,4.958743
23.512046,4.521404
28.761411,2.274259
23.111347,1.128894
19.646042,2.666387
20.078197,2.458289
21.096182,2.771831
11.551447,0.840653
15.103415,2.102508
30.751946,21.683811
11.407474,2.847843
31.800605,0.094057
28.346396,8.017468
26.210121,9.109168
26.455026,6.858847
24.841986,0.498384
31.017677,1.317431
24.172180,0.873920
20.435023,1.478875
31.361106,1.934461
24.344725,7.024454
29.280999,0.384729
29.548819,1.071555
27.274479,2.995545
26.226298,3.487084
22.378510,0.365633
26.200785,1.562605
17.180222,3.643836
31.402288,0.261382
29.834233,2.651260
24.447655,0.324088
35.843408,0.035844
28.021925,17.813534
10.424787,0.803115
22.203985,9.073794
