24.771322,1.638980
28.715765,3.844695
28.279019,4.163822
30.208937,4.221157
24.772870,3.753611
21.595907,4.499481
30.798009,0.360945
27.433965,3.493696
31.857074,2.923060
36.364232,5.354227
32.525574,6.152393
42.073817,17.270817
50.327411,35.297470
16.089500,1.144106
21.642453,5.913181
21.517116,1.853501
26.334466,7.715676
21.231133,3.757289
27.252559,5.760209
27.366598,6.785235
13.854142,1.682758
11.344241,0.041531
54.222018,0.972354
53.620269,2.425396
11.233011,0.609934
12.022211,0.718367
13.070838,2.295232
48.708083,5.228237
45.127063,2.540380
43.946481,3.371400
41.247373,1.266096
40.929246,6.138695
40.404971,6.046002
31.004025,9.801747
21.713582,2.280383
27.044104,3.725231
26.903356,2.881766
32.681507,9.253725
35.835927,6.182059
44.122334,1.860240
41.007370,4.981414
39.909422,4.246641
37.659263,5.431500
42.362012,5.045859
33.964465,4.973667
21.405185,4.938661
29.877729,4.535538
37.544932,2.368740
30.474530,1.192761
28.145782,3.172357
28.713889,2.917647
32.482226,3.566355
19.506613,1.099072
25.604340,2.748842
30.949239,17.329579
17.167389,3.596542
28.740637,0.071794
25.534743,6.113216
23.678263,6.952162
24.002773,5.242222
22.633922,0.381457
28.187525,1.007456
22.019167,0.668840
18.661054,1.132797
28.780551,1.484330
34.041603,8.077367
32.322202,0.328090
34.443343,0.964560
34.863180,3.029369
32.080474,3.325243
25.116234,0.316564
27.518323,1.281959
20.098261,3.293182
32.164118,0.211014
32.667085,2.245227
31.189394,0.326871
38.074752,0.029642
33.320954,16.404989
17.114121,1.049753
24.654141,7.778412
