25.540210,1.811571
29.963633,4.269510
29.792416,4.640194
31.945558,4.710336
26.303524,4.194483
23.085798,5.039378
32.070337,0.400514
28.409774,3.868385
32.626512,3.221885
36.729159,5.865156
32.961522,6.749886
43.115669,19.041223
51.894491,39.015938
15.018639,1.188746
20.180474,6.137593
21.512748,2.020318
23.058748,7.343537
17.222264,2.961482
22.206790,4.597146
22.268987,5.394445
11.122570,1.292145
9.211382,0.031766
57.385128,1.085341
56.893952,2.709623
9.289121,0.466521
10.156082,0.549077
10.843341,1.755575
51.511732,5.834265
47.472118,2.829525
46.089391,3.750979
43.164520,1.407514
42.560618,6.808019
41.889348,6.697390
32.079133,10.849246
20.368808,2.380311
25.360308,3.887232
25.733243,3.056755
27.026129,7.697125
30.138601,5.379285
37.795182,1.692020
35.702544,4.689543
35.435714,4.141618
33.652274,5.350898
38.426260,5.077255
30.760114,4.994213
19.046887,4.833353
26.503358,4.416491
32.781988,2.242446
26.453586,1.116230
23.357589,2.664501
23.849794,2.456397
26.208837,2.771819
15.729884,0.840653
20.662424,2.102508
31.451371,19.036504
13.949075,2.847745
30.730471,0.080415
27.336371,6.850042
25.321597,7.787350
25.626086,5.868771
24.124665,0.426813
30.074991,1.127632
23.471332,0.748387
19.871925,1.267099
30.585900,1.659169
28.601157,7.010600
31.178963,0.350133
32.170810,1.002787
30.818398,2.932714
29.111262,3.347622
23.992706,0.335459
27.315753,1.392112
18.731837,3.416611
32.376100,0.230775
31.661076,2.403735
27.602400,0.317057
37.552634,0.032075
30.753653,16.850213
13.742602,0.803115
23.700621,8.281052
