28.332047,1.639992
32.815584,3.846034
32.300187,4.164611
34.499177,4.221750
28.287099,3.753973
24.655157,4.499669
35.199638,0.361085
31.366771,3.495477
36.457594,2.925409
41.676247,5.361043
37.262702,6.159468
48.147105,17.284395
57.561220,35.319182
18.712513,1.151582
25.177663,5.952476
24.691905,1.856638
31.258878,7.845129
26.217136,4.045265
33.540842,6.142315
33.714361,7.254755
17.281850,1.885966
14.116997,0.047517
61.920708,0.972481
61.228082,2.425646
13.768666,0.697858
14.457010,0.821923
15.976546,2.626101
55.625403,5.228968
51.547427,2.540915
50.206460,3.372270
47.128414,1.266470
46.783100,6.141260
46.193449,6.048926
35.450895,9.806942
25.222020,2.294158
31.416567,3.747862
31.110744,2.894298
39.847333,9.672770
43.297957,6.380849
52.850537,1.903919
48.784633,5.072375
47.128292,4.304797
44.372222,5.499331
49.669885,5.096601
39.843418,5.024849
25.257711,5.004215
35.293983,4.598508
44.614731,2.410180
36.297654,1.215537
34.247945,3.305254
34.922210,3.037621
40.289990,3.900160
24.381113,1.257056
31.990265,3.144301
35.446072,17.347815
21.172241,3.857329
32.811850,0.071797
29.151148,6.113418
27.032288,6.952436
27.403720,5.242486
25.841932,0.381481
32.181870,1.007512
25.139994,0.668882
21.306475,1.132877
32.862410,1.484460
41.150600,8.341920
37.312303,0.329312
40.052170,0.970802
41.234911,3.073599
37.610138,3.358493
29.052186,0.317973
31.610553,1.284559
23.384065,3.315227
36.877684,0.211310
37.675968,2.252863
36.874356,0.331565
43.779728,0.029712
38.870362,16.532608
21.416866,1.197150
28.479996,7.809293
