35.088596,1.638980
40.677922,3.844695
40.060368,4.163822
42.794671,4.221157
35.094077,3.753611
30.593761,4.499481
43.627249,0.360945
38.861015,3.493696
45.123970,2.923060
51.503383,5.354227
46.067747,6.152393
59.595683,17.270817
71.288847,35.297470
22.761215,1.144106
30.615981,5.913181
30.472516,1.853501
37.166769,7.715676
29.678794,3.757289
38.148622,5.760209
38.293515,6.785235
19.234968,1.682758
15.392252,0.041531
76.812274,0.972354
75.960179,2.425396
14.920014,0.609934
15.562343,0.718367
17.295762,2.295232
69.000993,5.228237
63.927256,2.540380
62.254316,3.371400
58.430392,1.266096
57.978455,6.138695
57.235099,6.046002
43.917943,9.801747
30.720933,2.280383
38.262388,3.725231
38.078395,2.881766
45.885509,9.253725
50.423121,6.182059
62.184028,1.860240
57.856540,4.981414
56.364394,4.246641
53.201143,5.431500
59.878501,5.045859
48.005978,4.973667
30.233611,4.938661
42.194742,4.535538
52.980213,2.368740
42.988278,1.192761
39.538156,3.172357
40.341168,2.917647
45.302255,3.566355
26.694981,1.099072
35.004938,2.748842
43.835945,17.329579
24.011340,3.596542
40.715327,0.071794
36.173751,6.113216
33.543736,6.952162
34.003392,5.242222
32.064152,0.381457
39.931667,1.007456
31.193268,0.668840
26.435991,1.132797
40.771550,1.484330
47.893359,8.077367
45.754549,0.328090
48.726433,0.964560
49.227459,3.029369
45.346198,3.325243
35.548124,0.316564
38.968692,1.281959
28.431203,3.293182
45.553453,0.211014
46.246091,2.245227
44.042387,0.326871
53.913889,0.029642
47.124170,16.404989
23.583527,1.049753
34.897893,7.778412
