28.232977,2.025059
33.363975,4.794200
33.394654,5.228693
35.911556,5.314997
29.668029,4.739981
26.202700,5.709385
35.662717,0.449393
31.485180,4.331515
35.933660,3.592091
40.170609,6.501148
36.107839,7.492629
47.501151,21.234184
57.368961,43.615456
15.944898,1.258370
21.418159,6.492090
23.418751,2.229029
24.073850,7.450546
17.736247,2.961550
22.884322,4.597427
22.943891,5.394696
11.433907,1.292145
9.441426,0.031766
64.550741,1.225024
64.133533,3.061231
9.498621,0.466530
10.358772,0.547183
11.083434,1.755546
57.910023,6.583370
53.154487,3.186680
51.494648,4.219764
48.154955,1.582163
47.286594,7.634913
46.455254,7.502404
35.533610,12.144165
21.657916,2.528612
26.962381,4.128396
27.536247,3.290359
27.911782,7.700842
31.213290,5.390273
39.277212,1.702080
37.227593,4.745332
37.115229,4.234081
35.302169,5.492102
40.465394,5.264398
32.378852,5.172518
19.960033,4.947749
27.753212,4.512537
34.203707,2.272062
27.565969,1.128088
24.136464,2.666337
24.648520,2.458238
26.969585,2.771831
16.138807,0.840653
21.197078,2.102508
34.500849,21.156224
14.368808,2.847842
34.887627,0.091115
31.074286,7.765292
28.751684,8.824053
29.049158,6.645755
27.303903,0.483013
34.071628,1.276615
26.566498,0.846957
22.471671,1.433447
34.524606,1.875562
29.615880,7.023955
33.462428,0.378900
34.161341,1.061990
32.245217,2.990454
30.659251,3.471965
25.662395,0.360793
29.643719,1.530580
19.877870,3.612733
35.352881,0.255411
34.038150,2.608649
28.888094,0.323510
40.644950,0.035150
32.541334,17.691528
14.111832,0.803115
25.405447,8.942407
