27.656997,1.638348
32.076683,3.843784
31.598897,4.163235
33.758941,4.220695
27.686839,3.753314
24.139436,4.499307
34.399978,0.360851
30.635677,3.492552
35.556924,2.921650
40.557312,5.350411
36.282893,6.148372
46.961605,17.262642
56.190422,35.283904
17.833133,1.140766
23.985313,5.895659
23.983351,1.851819
28.970326,7.662286
23.019858,3.655172
29.588879,5.619749
29.700932,6.614276
14.946023,1.623461
12.137048,0.039992
60.595192,0.972254
59.926514,2.425192
11.954329,0.587335
12.714791,0.691757
13.897391,2.210199
54.432114,5.227668
50.422615,2.539988
49.098719,3.370781
46.079769,1.265836
45.713632,6.136997
45.122602,6.044107
34.621117,9.798427
24.078384,2.274173
29.988427,3.715037
29.886835,2.875884
35.610435,9.090537
39.176170,6.102668
48.383014,1.842527
45.076043,4.944072
43.985103,4.222352
41.538495,5.402983
46.809163,5.024152
37.523190,4.951815
23.597631,4.911222
32.924940,4.509262
41.286722,2.351688
33.483946,1.183433
30.690917,3.120230
31.315955,2.870515
35.149423,3.455775
20.919902,1.058360
27.451208,2.647009
34.529745,17.319073
18.623542,3.502671
32.125783,0.071792
28.542854,6.113023
26.467218,6.951907
26.829184,5.241985
25.298358,0.381436
31.506343,1.007407
24.611274,0.668804
20.857427,1.132729
32.166577,1.484221
37.207954,7.971820
35.932394,0.327505
38.178344,0.961768
38.401570,3.010974
35.449851,3.311011
27.898367,0.315905
30.657929,1.280602
22.272916,3.283361
35.865682,0.210850
36.329805,2.241523
34.360035,0.324917
42.399865,0.029606
36.889254,16.349039
18.397510,1.011007
27.399992,7.763742
