30.819633,1.622599
36.025937,3.817311
35.705823,4.142978
38.235220,4.203332
31.434984,3.740816
27.515414,4.489889
38.583962,0.358202
34.237972,3.462558
39.445817,2.888810
44.570176,5.270893
39.963968,6.062534
52.118689,17.071153
62.619877,34.945529
18.525078,1.089181
24.896463,5.625621
26.171214,1.818933
28.687441,6.923577
21.432752,2.859084
27.660330,4.437240
27.731304,5.207209
13.767003,1.247685
11.180157,0.030673
68.663442,0.968407
68.010992,2.416797
11.081930,0.450467
11.877263,0.530503
12.897711,1.695158
61.652169,5.206233
56.923701,2.526865
55.322727,3.351229
51.849188,1.257909
51.227176,6.090049
50.465684,5.993763
38.670078,9.712326
25.103417,2.177297
31.257034,3.556108
31.603510,2.779680
33.708320,7.417322
37.593959,5.162668
47.105780,1.612416
44.441468,4.434162
44.019957,3.877198
41.772667,4.993443
47.605297,4.705002
38.116225,4.631329
23.654994,4.519887
32.927344,4.136494
40.795237,2.117249
32.937257,1.057015
29.136014,2.565984
29.750550,2.365161
32.561247,2.676334
19.229231,0.811728
25.237842,2.030169
38.105220,17.090034
17.365718,2.749096
36.623407,0.071644
32.561387,6.101785
30.175319,6.937826
30.559210,5.229830
28.788054,0.380438
35.873719,1.004958
28.007516,0.667063
23.721873,1.129575
36.540427,1.479527
35.676953,6.730369
38.228620,0.317687
39.677715,0.918601
38.303230,2.751615
36.063244,3.101646
29.473164,0.305161
33.287125,1.255070
23.111077,3.132126
39.321686,0.207517
38.782819,2.178433
34.301814,0.297306
45.828579,0.028955
38.002878,15.502855
16.899773,0.775482
29.079053,7.520306
