23.718587,1.502982
27.596141,3.530009
27.247985,3.826311
29.135015,3.880181
23.915002,3.451460
20.877607,4.139156
29.579421,0.331335
26.304423,3.205303
30.436122,2.678477
34.573779,4.897709
30.961254,5.630280
40.205181,15.826806
48.190063,32.368921
14.797978,1.030655
19.895240,5.325228
20.380194,1.693062
23.458565,6.761602
18.091956,2.954788
23.291453,4.578084
23.368124,5.375521
11.720532,1.292038
9.671408,0.031766
52.304592,0.893865
51.755276,2.230048
9.708084,0.466517
10.558035,0.549474
11.323426,1.755546
46.977312,4.805938
43.465075,2.334171
42.293341,3.096908
39.671820,1.162783
39.293486,5.634345
38.754848,5.547574
29.719517,8.991830
20.016615,2.057015
24.926496,3.360027
25.020195,2.611637
28.188729,7.587557
31.218809,5.209965
38.838707,1.601627
36.418169,4.348174
35.811739,3.752492
33.903894,4.815081
38.426798,4.502578
30.785057,4.435361
19.228873,4.368931
26.796867,4.005732
33.394494,2.071857
27.020848,1.038825
24.328162,2.618040
24.832125,2.411532
27.580100,2.769648
16.546555,0.840653
21.730545,2.102508
29.489799,15.864557
14.645092,2.839520
27.785910,0.066046
24.692192,5.624148
22.892384,6.395572
23.198660,4.822038
21.868306,0.350844
27.239797,0.926668
21.274705,0.615168
18.026359,1.041824
27.789414,1.364933
29.638664,6.797828
30.170907,0.297860
31.687707,0.869062
31.211763,2.670347
29.105976,2.967671
23.344770,0.286809
25.991957,1.169729
18.471658,2.965346
30.542186,0.192933
30.554712,2.040243
27.939401,0.288319
35.871254,0.027019
30.482492,14.728639
14.475360,0.803114
22.978992,7.056787
