26.598587,2.131817
31.651285,5.064801
31.878959,5.538930
34.374139,5.636352
28.486684,5.032394
25.308182,6.073710
33.789816,0.474476
29.735378,4.565867
33.731948,3.773649
37.446341,6.798855
33.714078,7.844514
44.604626,22.311604
54.050740,45.916132
14.351209,1.277665
19.268472,6.589259
21.724842,2.322837
21.029086,7.463308
14.537742,2.961551
18.897847,4.597432
18.907089,5.394700
9.057341,1.292145
6.728759,0.031766
61.824212,1.299388
61.545931,3.249434
6.127413,0.466502
5.887354,0.545242
7.021469,1.755200
55.433666,6.981551
50.690596,3.374350
49.008114,4.464412
45.765522,1.672853
44.765937,8.057785
43.901822,7.910956
33.542381,12.797929
19.535077,2.571793
24.315921,4.198376
25.046924,3.371080
23.454509,7.700964
26.602503,5.390871
33.887850,1.702895
32.420461,4.751391
32.651195,4.247749
31.152709,5.515000
35.960266,5.301587
28.753118,5.207228
17.577931,4.965202
24.403780,4.526536
29.833096,2.275436
23.967405,1.129313
20.349240,2.666405
20.797194,2.458308
21.843691,2.771831
11.960348,0.840653
15.638049,2.102508
32.258222,22.170166
11.812339,2.847843
33.704043,0.096936
30.056712,8.264558
27.780507,9.388245
28.023927,7.067102
26.301033,0.513383
32.850325,1.357298
25.592547,0.900231
21.629075,1.523165
33.173642,1.991776
25.222481,7.024663
30.549007,0.389486
30.755196,1.078501
28.304685,2.998442
27.250711,3.496799
23.329398,0.369457
27.408425,1.590829
17.879136,3.666231
32.901015,0.266795
31.138644,2.686540
25.372320,0.324419
37.470964,0.036446
29.144214,17.897892
10.793810,0.803115
23.159011,9.179837
