28.853424,1.635428
33.527884,3.839262
33.072786,4.160085
35.350320,4.218121
29.005708,3.751573
25.306733,4.498170
35.945160,0.360391
31.984024,3.487137
37.052240,2.915341
42.154118,5.334228
37.735520,6.131115
48.941680,17.225960
58.622126,35.221194
18.202533,1.128607
24.475352,5.831945
24.877025,1.844904
29.041844,7.476567
22.461909,3.365692
28.929611,5.205293
29.021833,6.115527
14.498548,1.475869
11.754569,0.036292
63.457764,0.971690
62.776246,2.424009
11.605189,0.532998
12.379562,0.627768
13.497311,2.005724
56.998496,5.224493
52.764278,2.537913
51.357545,3.367590
48.184857,1.264515
47.756763,6.128760
47.117069,6.035087
36.139824,9.782798
24.608548,2.251448
30.645962,3.677742
30.693747,2.853813
35.022499,8.566989
38.763976,5.836454
48.168982,1.781805
45.108298,4.814604
44.278252,4.137203
41.893515,5.302646
47.411052,4.947037
37.988812,4.874271
23.769993,4.814914
33.135099,4.417198
41.352860,2.292470
33.476989,1.151148
30.223928,2.950896
30.849330,2.716987
34.207753,3.160264
20.247537,0.960450
26.570092,2.402128
35.931002,17.273527
18.185899,3.232333
33.679973,0.071774
29.926978,6.111721
27.748051,6.950224
28.123204,5.240469
26.514234,0.381307
33.023952,1.007097
25.794338,0.668579
21.857823,1.132313
33.702130,1.483577
36.803803,7.618516
36.977335,0.325279
38.975443,0.951599
38.606874,2.946646
35.909576,3.260440
28.642556,0.313436
31.752760,1.275129
22.725196,3.247662
37.252847,0.210164
37.427777,2.227327
34.555481,0.318079
43.853521,0.029464
37.541224,16.147552
17.809332,0.917557
28.173821,7.708276
