26.387981,1.996454
31.233643,4.722869
31.298642,5.147849
33.671673,5.231609
27.829383,4.664441
24.594228,5.615953
33.376806,0.442764
29.445454,4.269115
33.553112,3.542940
37.429299,6.418538
33.661609,7.395606
44.358149,20.942786
53.620675,42.999105
14.619386,1.251446
19.632274,6.457050
21.783776,2.202434
21.620922,7.444229
15.030565,2.961549
19.535515,4.597423
19.546026,5.394692
9.366718,1.292145
6.958802,0.031766
60.529796,1.205745
60.154701,3.012574
6.336840,0.466531
6.086034,0.547574
7.261381,1.755575
54.298454,6.480055
49.809785,3.137692
48.236943,4.155674
45.096536,1.558343
44.247565,7.522945
43.452321,7.393790
33.227711,11.969882
19.882215,2.513456
24.749620,4.103796
25.393990,3.264212
24.229832,7.700750
27.452860,5.389889
34.919072,1.701620
33.353636,4.742238
33.514538,4.227800
31.950083,5.481928
36.803554,5.249083
29.434232,5.158109
18.037768,4.939818
25.052030,4.506072
30.682299,2.270366
24.664958,1.127451
21.017800,2.666287
21.479389,2.458187
22.587467,2.771831
12.369248,0.840653
16.172682,2.102508
32.177455,20.878074
12.212125,2.847840
32.746646,0.089622
29.170223,7.637462
26.987604,8.679427
27.262990,6.537550
25.621241,0.475200
31.974871,1.255880
24.929466,0.833252
21.085008,1.410343
32.387841,1.845569
26.030562,7.023497
30.915363,0.375575
31.326430,1.056082
29.068996,2.986697
27.888155,3.461757
23.659121,0.357972
27.539584,1.513207
18.218220,3.593401
32.922060,0.252231
31.478105,2.584578
26.053814,0.323086
37.715953,0.034770
29.746791,17.613464
11.162809,0.803115
23.454568,8.866918
