30.725700,1.637664
35.653812,3.842763
35.134746,4.162552
37.540868,4.220148
30.792019,3.752954
26.851008,4.499085
38.233101,0.360746
34.041515,3.491299
39.489613,2.920150
45.010193,5.346459
40.273862,6.144182
52.157203,17.253931
62.425345,35.269232
19.679287,1.137571
26.465911,5.878908
26.600777,1.850104
31.766534,7.612432
24.945212,3.567974
32.098884,5.497424
32.210164,6.466200
16.130318,1.576390
13.004744,0.038798
67.385097,0.972134
66.646264,2.424946
12.744134,0.569800
13.473133,0.671105
14.802423,2.144203
60.530126,5.226993
56.062085,2.539535
54.584386,3.370074
51.224098,1.265541
50.804546,6.135116
50.141409,6.042028
38.468583,9.794804
26.582336,2.268216
33.105989,3.705259
33.047074,2.870165
38.742981,8.943019
42.736290,6.029630
52.912305,1.826092
49.394172,4.909256
48.304934,4.199583
45.648856,5.376201
51.518916,5.003660
41.292206,4.931199
25.921157,4.885485
36.154853,4.484639
45.256995,2.335778
36.678699,1.174742
33.410714,3.072868
34.096046,2.827643
38.028711,3.364264
22.464697,1.026763
29.470391,2.567981
38.333594,17.308070
20.189754,3.421877
35.734623,0.071788
31.749969,6.112773
29.440497,6.951580
29.842101,5.241685
28.138325,0.381410
35.044026,1.007346
27.374161,0.668759
23.198362,1.132645
35.774999,1.484089
40.583311,7.874783
39.757484,0.326931
42.132967,0.959097
42.152845,2.993752
39.018156,3.297574
30.845225,0.315265
33.988669,1.279231
24.575413,3.273973
39.795758,0.210682
40.211215,2.237882
37.721212,0.323087
46.986753,0.029570
40.667325,16.295830
19.796786,0.980873
30.308962,7.749422
