24.691365,1.615366
28.923423,3.804349
28.719522,4.132325
30.777778,4.193870
25.325859,3.733690
22.202295,4.483950
30.965457,0.356922
27.450585,3.448489
31.567489,2.874144
35.592588,5.236973
31.929910,6.025560
41.713262,16.985442
50.169159,34.790060
14.660180,1.069746
19.700494,5.524003
20.869504,1.805265
22.614085,6.679776
16.970093,2.712761
21.875490,4.210882
21.938608,4.941265
10.969201,1.183662
9.098149,0.029099
55.280572,0.966293
54.785358,2.412050
9.186009,0.427354
10.056955,0.503130
10.725184,1.608180
49.628177,5.194545
45.772355,2.520050
44.458438,3.341316
41.649668,1.253952
41.101855,6.067532
40.469264,5.970012
30.999424,9.672117
19.874724,2.140598
24.745851,3.495925
25.068068,2.742441
26.599708,7.047834
29.633334,4.920360
37.119387,1.544476
35.027335,4.269862
34.719291,3.757837
32.957113,4.849432
37.591744,4.589302
30.095597,4.515465
18.658989,4.383748
25.969239,4.007931
32.155892,2.040762
25.958365,1.016840
22.984275,2.439355
23.467409,2.248739
25.834530,2.539091
15.528593,0.770074
20.399245,1.925990
30.457607,16.990516
13.743381,2.608544
29.553190,0.071551
26.283213,6.094496
24.350838,6.928883
24.650913,5.222334
23.213263,0.379838
28.933678,1.003463
22.584298,0.666016
19.124147,1.127705
29.444841,1.476820
28.123351,6.413037
30.350464,0.313847
31.401410,0.902326
30.204576,2.663096
28.478227,3.025695
23.375142,0.301009
26.518316,1.244620
18.286994,3.075245
31.385755,0.206108
30.806657,2.153606
27.050500,0.287848
36.479391,0.028692
30.046374,15.188263
13.560806,0.735688
23.077859,7.425507
