26.267958,1.608730
30.832130,3.792281
30.668795,4.122230
32.891061,4.184820
27.087436,3.726787
23.782378,4.478026
32.997087,0.355733
29.224251,3.435522
33.547780,2.860769
37.747816,5.206318
33.879549,5.992082
44.334085,16.907233
53.373378,34.647405
15.399151,1.052739
20.691177,5.435138
22.101914,1.792974
23.604055,6.483786
17.589765,2.610451
22.685152,4.052265
22.747385,4.755048
11.350839,1.138979
9.380835,0.028000
59.085854,0.964267
58.587500,2.407463
9.443428,0.411224
10.304294,0.483937
11.020161,1.547474
53.036518,5.183362
48.865295,2.513613
47.435567,3.332008
44.421079,1.250251
43.788014,6.046671
43.092189,5.948090
32.997689,9.635089
20.887641,2.108392
26.006038,3.443119
26.402856,2.709473
27.622578,6.785290
30.818889,4.743097
38.667237,1.492622
36.541568,4.139466
36.286535,3.659169
34.465866,4.729079
39.370332,4.490559
31.514559,4.416772
19.505277,4.270781
27.139057,3.901840
33.554828,1.979659
27.073207,0.985174
23.875664,2.348928
24.379424,2.165493
26.760177,2.443259
16.031089,0.741005
21.056245,1.853286
32.330464,16.900253
14.247827,2.510199
31.658128,0.071458
28.163573,6.087162
26.086211,6.919943
26.397440,5.214906
24.848589,0.379248
30.979193,1.001986
24.175756,0.664987
20.467237,1.125874
31.498855,1.474191
29.245939,6.181362
31.997973,0.310438
32.986433,0.888078
31.554816,2.590527
29.826777,2.960847
24.616132,0.297334
28.057397,1.235251
19.205640,3.025517
33.270199,0.204837
32.497198,2.131526
28.262790,0.280078
38.564502,0.028456
31.523393,14.915146
14.014453,0.707916
24.320800,7.341430
