19.973286,1.394708
23.203337,3.273493
22.883442,3.546526
24.457183,3.595817
20.065788,3.197933
17.504259,3.834053
24.877351,0.307292
22.138455,2.973633
25.651950,2.486539
29.190234,4.550928
26.129351,5.230427
33.882874,14.692119
40.580082,30.036908
12.595727,0.965223
16.935673,4.987917
17.228326,1.574351
19.992946,6.422235
15.017032,2.938194
19.429041,4.538144
19.466407,5.333912
9.471307,1.291490
7.073549,0.031766
43.902559,0.828327
43.428512,2.066302
6.441567,0.466517
6.184965,0.549466
7.381362,1.755545
39.434449,4.453714
36.509442,2.163649
35.538536,2.871102
33.344721,1.078122
33.053055,5.225894
32.612373,5.146280
25.015424,8.342340
17.031545,1.925107
21.209781,3.144710
21.253470,2.438363
23.748248,7.436109
26.459612,5.044611
33.035221,1.534854
31.027427,4.138266
30.534219,3.549104
28.908489,4.546537
32.756733,4.237235
26.243784,4.175327
16.395499,4.129737
22.847557,3.789604
28.456582,1.969791
23.016035,0.989789
20.528215,2.558859
20.960967,2.355474
22.694372,2.762678
12.569890,0.840652
16.436013,2.102508
24.878842,14.735122
12.180439,2.820429
23.295780,0.061177
20.699367,5.209299
19.192721,5.924059
19.452901,4.466819
18.340639,0.325020
22.843075,0.858426
17.842635,0.569887
15.119977,0.965178
23.314247,1.264624
25.113730,6.586330
25.607553,0.277848
26.970725,0.813819
26.610014,2.528763
24.810946,2.792563
19.832692,0.267819
21.991122,1.088320
15.724367,2.777702
25.797339,0.179316
25.920696,1.902268
23.820720,0.272942
30.372473,0.025152
25.964772,13.817291
11.332667,0.803103
19.510101,6.585017
