33.488730,1.638348
38.841812,3.843784
38.264113,4.163235
40.880062,4.220695
33.527321,3.753314
29.231833,4.499307
41.654864,0.360851
37.096052,3.492552
43.053304,2.921650
49.104662,5.350411
43.930185,6.148372
56.862547,17.262642
68.038713,35.283904
21.574875,1.140766
29.017433,5.895659
29.036051,1.851819
34.998646,7.662286
27.657043,3.655172
35.577069,5.619749
35.704014,6.614276
17.888336,1.623461
14.343690,0.039992
73.377259,0.972254
72.567817,2.425192
13.963990,0.587335
14.644397,0.691757
16.200253,2.210199
65.914048,5.227668
61.058172,2.539988
59.454631,3.370781
55.798633,1.265836
55.354321,6.136997
54.638142,6.044107
41.921812,9.798427
29.132617,2.274173
36.283040,3.715037
36.169305,2.875884
42.890466,9.090537
47.243903,6.102668
58.402346,1.842527
54.445319,4.944072
53.159706,4.222352
50.211127,5.402983
56.601673,5.024152
45.371547,4.951815
28.521373,4.911222
39.791537,4.509262
49.873269,2.351688
40.439470,1.183433
36.976441,3.120230
37.732152,2.870515
42.175376,3.455775
24.839712,1.058360
32.577018,2.647009
41.808105,17.319073
22.382081,3.502671
38.902969,0.071792
34.564231,6.113023
32.050690,6.951907
32.488963,5.241985
30.635144,0.381436
38.152772,1.007407
29.803120,0.668804
25.257355,1.132729
38.952098,1.484221
44.867620,7.971820
43.489670,0.327505
46.189340,0.961768
46.405821,3.010974
42.866334,3.311011
33.762340,0.315905
37.115015,1.280602
26.945581,3.283361
43.423462,0.210850
43.972739,2.241523
41.523234,0.324917
51.327575,0.029606
44.621211,16.349039
21.928019,1.011007
33.161545,7.763742
