26.155213,1.639396
30.310242,3.845270
29.843227,4.164176
31.877837,4.221429
26.139880,3.753782
22.785834,4.499574
32.509728,0.361004
28.962931,3.494438
33.644000,2.924005
38.423691,5.356868
34.363109,6.155157
44.432938,17.276287
53.138883,35.306389
17.078201,1.146656
22.974198,5.926568
22.745624,1.854689
28.107317,7.757735
22.865469,3.844387
29.331505,5.877755
29.459967,6.929036
14.944081,1.737866
12.196848,0.043015
57.216801,0.972413
56.579668,2.425513
12.010742,0.631723
12.768970,0.744031
13.962045,2.377235
51.398915,5.228572
47.624505,2.540619
46.381416,3.371782
43.534797,1.266259
43.205570,6.139781
42.655521,6.047226
32.732752,9.803906
23.039584,2.285106
28.696353,3.732988
28.508493,2.886166
35.105458,9.385961
38.414633,6.245494
47.199669,1.874289
43.792934,5.010883
42.539194,4.265684
40.117172,5.453800
45.067512,5.062721
36.138527,4.990655
22.811071,4.960155
31.849302,4.556145
40.083729,2.382184
32.554450,1.200130
30.219845,3.214425
30.826465,2.955650
35.010441,3.663862
21.013648,1.138316
27.576861,2.847007
32.694258,17.336755
18.484456,3.675985
30.324173,0.071796
26.941349,6.113318
24.982838,6.952299
25.325633,5.242352
23.881764,0.381468
29.741212,1.007483
23.233096,0.668860
19.690074,1.132836
30.368353,1.484392
36.495445,8.161747
34.232568,0.328524
36.558222,0.966691
37.175917,3.043814
34.128206,3.336295
26.616970,0.317058
29.099240,1.282929
21.335728,3.300689
33.990486,0.211128
34.588065,2.247960
33.254817,0.328405
40.275007,0.029667
35.398945,16.448032
18.456880,1.086942
26.116798,7.789331
