26.144834,2.264830
31.285194,5.417763
31.684084,5.956738
34.250385,6.074187
28.470761,5.435633
25.450175,6.586002
33.364162,0.506953
29.283993,4.863048
33.067664,3.993382
36.531811,7.135192
32.926361,8.249126
43.736190,23.619071
53.130804,48.783726
13.760139,1.289516
18.471942,6.648349
21.129348,2.422796
20.018952,7.467427
13.793453,2.961551
17.931423,4.597432
17.939831,5.394700
8.592915,1.292145
6.383696,0.031766
61.636972,1.400951
61.477874,3.508443
5.813417,0.466258
5.591103,0.541725
6.661890,1.753374
55.236799,7.524171
50.334182,3.625914
48.575321,4.789112
45.305931,1.792340
44.171697,8.602518
43.257606,8.431307
33.020436,13.624158
18.744683,2.599564
23.330815,4.243235
24.113556,3.432900
22.261926,7.700979
25.264272,5.390981
32.212180,1.703096
30.849896,4.753226
31.119653,4.252889
29.709559,5.524200
34.349282,5.318943
27.460044,5.223179
16.756793,4.971915
23.257070,4.531748
28.393902,2.276491
22.801516,1.129670
19.316477,2.666415
19.742213,2.458318
20.724273,2.771831
11.346997,0.840653
14.836098,2.102510
31.534132,23.352683
11.207814,2.847843
33.901301,0.105126
30.273408,8.969555
27.947773,10.182456
28.144753,7.657418
26.372779,0.555730
32.971830,1.470134
25.664288,0.974534
21.670131,1.647938
33.178953,2.152449
23.952707,7.024791
29.458683,0.398194
29.491251,1.088701
26.966301,3.001308
26.031070,3.508433
22.454649,0.376019
26.604755,1.652177
17.138853,3.698622
32.063215,0.279416
30.056403,2.753130
24.175029,0.324749
36.312696,0.037709
27.898926,18.011798
10.240284,0.803115
22.317307,9.369636
