33.935895,1.636338
39.414402,3.840711
38.865256,4.161124
41.536149,4.218982
34.076666,3.752166
29.724883,4.498573
42.259537,0.360537
37.611034,3.488840
43.591473,2.917283
49.624479,5.339107
44.416139,6.136342
57.577751,17.237266
68.948014,35.240745
21.508279,1.132060
28.921740,5.850034
29.299349,1.846964
34.410502,7.528345
26.626390,3.437202
34.304940,5.309840
34.411279,6.240574
17.143670,1.510310
13.738313,0.037146
74.559956,0.971879
73.752851,2.424410
13.411794,0.545542
14.114198,0.642540
15.567492,2.052924
66.972302,5.225556
62.008912,2.538594
60.362585,3.368627
56.638316,1.264941
56.149204,6.131376
55.403886,6.037931
42.499495,9.787705
29.070942,2.257915
36.203748,3.688354
36.226111,2.860155
41.547525,8.705634
45.981944,5.908988
57.114669,1.798591
53.457919,4.850636
52.435261,4.161030
49.598214,5.330768
56.094454,4.968734
44.949642,4.896080
28.146471,4.841878
39.240796,4.442955
49.002357,2.308966
39.677696,1.160124
35.855486,2.996090
36.597434,2.758035
40.520831,3.231248
23.771666,0.983051
31.178429,2.458657
42.286871,17.287377
21.560738,3.299653
39.559702,0.071780
35.150326,6.112187
32.592063,6.950822
33.034269,5.241001
31.145863,0.381352
38.791534,1.007206
30.300138,0.668657
25.676768,1.132457
39.593012,1.483798
43.657429,7.714667
43.624642,0.325922
46.052406,0.954488
45.727150,2.964627
42.485739,3.274670
33.807299,0.314145
37.409924,1.276746
26.854223,3.257795
43.861472,0.210370
44.146073,2.231440
40.926711,0.319991
51.682232,0.029506
44.382308,16.204542
20.983693,0.939143
33.244002,7.724261
