29.657082,1.745694
34.731981,4.110276
34.478838,4.463774
36.945829,4.529919
30.397414,4.032540
26.641849,4.842193
37.185796,0.385640
32.968572,3.726375
37.920165,3.106476
42.762650,5.662086
38.360775,6.514179
50.107238,18.358226
60.258653,37.596860
17.610732,1.159663
23.665109,5.988628
25.075791,1.952297
27.117074,7.269620
20.185894,2.961339
26.050210,4.596624
26.117105,5.393962
12.978278,1.292144
10.591639,0.031766
66.357511,1.043704
65.757735,2.605151
10.546012,0.466519
11.362791,0.549292
12.283605,1.755562
59.573838,5.610769
54.953599,2.722260
53.380363,3.609642
50.010608,1.354710
49.359862,6.555910
48.603141,6.450937
37.231392,10.451700
23.876363,2.319992
29.728124,3.788963
30.120902,2.969874
31.755485,7.691999
35.442303,5.367387
44.457957,1.683258
41.990802,4.648715
41.656222,4.085733
39.550668,5.270300
45.132132,4.982807
36.130881,4.903117
22.388788,4.765557
31.156826,4.357933
38.553852,2.221398
31.114243,1.107282
27.451594,2.662106
28.031561,2.454033
30.673456,2.771789
18.183243,0.840653
23.870186,2.102508
36.590758,18.367121
16.355059,2.847551
35.462303,0.077267
31.536926,6.581214
29.219567,7.482403
29.581549,5.639716
27.858060,0.410209
34.721767,1.083676
27.103164,0.719269
22.951500,1.217897
35.340183,1.595000
33.633282,6.995945
36.469616,0.339771
37.721687,0.978142
36.233446,2.896349
34.190905,3.285053
28.086501,0.325988
31.864453,1.346244
21.966998,3.333981
37.709587,0.222857
37.018331,2.331117
32.451242,0.313036
43.834745,0.031040
36.086933,16.474276
15.956368,0.803115
27.730321,8.039824
