26.985599,1.632887
31.399926,3.835101
31.005559,4.157002
33.153466,4.215524
27.214007,3.749747
23.758264,4.496871
33.656120,0.359972
29.928596,3.482338
34.626533,2.909987
39.328864,5.321058
35.220630,6.116944
45.740815,17.194769
54.827831,35.166614
16.813942,1.119782
22.605132,5.785738
23.180715,1.839413
26.608047,7.346782
20.405460,3.211047
26.289494,4.975091
26.370488,5.841689
13.172754,1.404110
10.753093,0.034521
59.518947,0.971117
58.894580,2.422777
10.693098,0.506982
11.503812,0.597134
12.452149,1.907825
53.456682,5.221289
49.458628,2.535904
48.124472,3.364563
45.140916,1.263279
44.708575,6.121316
44.094776,6.027050
33.814000,9.768998
22.745733,2.234892
28.324849,3.650579
28.441317,2.837443
31.870753,8.245248
35.341667,5.661315
44.012493,1.740307
41.298636,4.724528
40.639063,4.077174
38.481603,5.231664
43.633310,4.892050
34.954736,4.819026
21.822352,4.746937
30.408091,4.352330
37.873948,2.251175
30.638329,1.128745
27.514352,2.844946
28.086334,2.620533
31.069004,3.009872
18.469073,0.913569
24.244277,2.284877
33.547619,17.235826
16.522736,3.085775
31.619788,0.071754
28.099322,6.110197
26.051073,6.948290
26.399449,5.238770
24.885381,0.381165
30.998079,1.006753
24.209891,0.668332
20.513301,1.131862
31.623008,1.482896
33.550700,7.386756
34.300865,0.323612
36.005046,0.944215
35.413936,2.901413
33.049925,3.224373
26.536241,0.311607
29.561206,1.270846
20.987447,3.221781
34.741597,0.209610
34.739647,2.216632
31.702199,0.313267
40.793975,0.029355
34.626954,16.002439
16.209633,0.872775
26.123103,7.666908
