35.391422,2.264830
42.220056,5.417763
42.647302,5.956738
46.052039,6.074187
38.234592,5.435633
34.103311,6.586002
45.049899,0.506953
39.596934,4.863048
44.837341,3.993382
49.703049,7.135192
44.761384,8.249126
59.294363,23.619071
71.919744,48.783726
19.101813,1.289516
25.650439,6.648349
28.818646,2.422796
28.380051,7.467427
20.598339,2.961551
26.608122,4.597432
26.668426,5.394700
13.214645,1.292145
10.764175,0.031766
82.855755,1.400951
82.578659,3.508443
10.703485,0.466258
11.525127,0.541725
12.464446,1.753374
74.268242,7.524171
67.778504,3.625914
65.464794,4.789112
61.094472,1.792340
59.664372,8.602518
58.474825,8.431307
44.659025,13.624158
25.985539,2.599564
32.346377,4.243235
33.254417,3.432900
32.552848,7.700979
36.515041,5.390981
46.102975,1.703096
43.835464,4.753226
43.886178,4.252889
41.803431,5.524200
48.092643,5.318943
38.466443,5.223179
23.612884,4.971915
32.809266,4.531748
40.298367,2.276491
32.439592,1.129670
28.168267,2.666415
28.770457,2.458318
31.266519,2.771831
18.489987,0.840653
24.271225,2.102510
42.839659,23.352683
16.695058,2.847843
45.424238,0.105126
40.545528,8.969555
37.445068,10.182456
37.730433,7.657418
35.374340,0.555730
44.210807,1.470134
34.423112,0.974534
29.075185,1.647938
44.545262,2.152449
34.640137,7.024791
40.537266,0.398194
40.932616,1.088701
38.090318,3.001308
36.441764,3.508433
30.977144,0.376019
36.350221,1.652177
23.802433,3.698622
43.659591,0.279416
41.310108,2.753130
34.133225,0.324749
49.692303,0.037709
38.855237,18.011798
16.233707,0.803115
30.737249,9.369636
