33.839851,1.634893
39.337180,3.838399
38.814017,4.159456
41.491098,4.217596
34.047844,3.751208
29.710454,4.497916
42.170632,0.360304
37.516884,3.486132
43.445643,2.914207
49.402990,5.331407
44.230054,6.128087
57.387807,17.219356
68.753377,35.209707
21.257847,1.126664
28.581986,5.821771
29.143464,1.843721
33.787162,7.447698
25.916020,3.328455
33.408907,5.150347
33.506648,6.049985
16.662089,1.458294
13.363966,0.035858
74.482695,0.971574
73.687547,2.423762
13.070729,0.526616
13.786723,0.620254
15.176666,1.981703
66.899943,5.223845
61.921304,2.537502
60.265211,3.366967
56.538637,1.264260
56.025494,6.127209
55.269775,6.033406
42.390403,9.779904
28.746395,2.247806
35.798343,3.671767
35.888939,2.850227
40.534904,8.492244
44.949055,5.796647
55.946591,1.772500
52.457458,4.794537
51.561523,4.123889
48.804386,5.286921
55.282127,4.934881
44.291519,4.862056
27.683741,4.799844
38.583069,4.402810
48.100127,2.283278
38.922651,1.146153
34.996153,2.926416
35.723962,2.694730
39.411878,3.123701
23.108245,0.948947
30.310451,2.373360
42.119264,17.265488
20.990011,3.197157
39.540943,0.071770
35.135746,6.111426
32.576859,6.949848
33.016129,5.240136
31.126081,0.381279
38.768985,1.007030
30.281025,0.668530
25.659204,1.132224
39.561506,1.483441
42.671933,7.565788
43.253036,0.324915
45.518968,0.949974
44.944227,2.936607
41.872148,3.252467
33.488515,0.313035
37.187681,1.274202
26.537533,3.241963
43.653236,0.210045
43.789291,2.224992
40.230837,0.317011
51.346048,0.029441
43.816353,16.115551
20.390675,0.906570
32.950216,7.699226
