35.681329,1.639101
41.361111,3.844864
40.730708,4.163928
43.509906,4.221239
35.679950,3.753663
31.103748,4.499510
44.360633,0.360962
39.515990,3.493913
45.889103,2.923332
52.384511,5.354980
46.854094,6.153184
60.605849,17.272396
72.493030,35.300061
23.180350,1.144808
31.180442,5.916867
30.997736,1.853838
37.908760,7.727126
30.346689,3.780410
38.999990,5.791609
39.150265,6.823584
19.677192,1.696937
15.735740,0.041907
78.095748,0.972372
77.228512,2.425431
15.233219,0.615453
15.863073,0.724868
17.654663,2.316006
70.154196,5.228338
64.997509,2.540452
63.297731,3.371513
59.410553,1.266144
58.953707,6.139014
58.199220,6.046360
44.658469,9.802376
31.283507,2.281685
38.963338,3.727370
38.761353,2.882987
46.883815,9.289400
51.490924,6.199246
63.464911,1.864055
59.020787,4.989431
57.468541,4.251835
54.234561,5.437587
61.019515,5.050474
48.922577,4.978315
30.824171,4.944524
43.022361,4.541157
54.042059,2.372399
43.856962,1.194765
40.393388,3.183720
41.212534,2.927915
46.332416,3.591943
27.302722,1.109015
35.800256,2.773712
44.582825,17.331636
24.550010,3.617686
41.394009,0.071795
36.776603,6.113247
34.102860,6.952204
34.570352,5.242262
32.598959,0.381460
40.597556,1.007465
31.713540,0.668847
26.877013,1.132809
41.452052,1.484349
48.909155,8.100224
46.568277,0.328211
49.623074,0.965147
50.197537,3.033306
46.209871,3.328268
36.186549,0.316701
39.644166,1.282233
28.955663,3.295249
46.334671,0.211046
47.064814,2.245990
44.908952,0.327289
54.853421,0.029649
48.003382,16.416811
24.126057,1.059194
35.520645,7.781448
