32.866408,1.811571
38.575556,4.269510
38.368096,4.640194
41.146351,4.710336
33.884010,4.194483
29.745694,5.039378
41.284702,0.400514
36.565038,3.868385
41.974790,3.221885
47.227223,5.865156
42.388351,6.749886
55.470602,19.041223
66.780639,39.015938
19.238268,1.188746
25.848765,6.137593
27.650025,2.020318
29.402154,7.343537
21.688909,2.961482
28.009297,4.597146
28.075522,5.394445
13.908832,1.292145
11.281770,0.031766
73.914923,1.085341
73.288660,2.709623
11.174458,0.466521
11.966425,0.549077
13.003741,1.755575
66.348029,5.834265
61.133729,2.829525
59.346740,3.750979
55.576269,1.407514
54.786258,6.808019
53.916265,6.697390
41.286406,10.849246
26.098993,2.380311
32.494066,3.887232
33.007014,3.056755
34.209336,7.697125
38.256100,5.379285
48.086355,1.692020
45.500208,4.689543
45.237662,4.141618
42.982465,5.350898
49.133527,5.077255
39.326928,4.994213
24.319681,4.833353
33.831914,4.416491
41.789435,2.242446
33.703452,1.116230
29.585376,2.664501
30.213535,2.456397
32.924725,2.771819
19.409984,0.840653
25.474125,2.102508
40.450752,19.036504
17.577516,2.847745
39.596037,0.080415
35.224198,6.850042
32.626903,7.787350
33.017419,5.868771
31.081226,0.426813
38.748713,1.127632
30.239581,0.748387
25.601385,1.267099
39.401715,1.659169
36.299371,7.010600
40.008944,0.350133
41.210978,1.002787
39.328888,2.932714
37.223952,3.347622
30.772452,0.335459
35.097814,1.392112
23.992580,3.416611
41.624193,0.230775
40.636911,2.403735
35.228134,0.317057
48.237554,0.032075
39.367523,16.850213
17.063701,0.803115
30.407553,8.281052
