29.073423,1.635907
33.773997,3.840029
33.308645,4.160637
35.599728,4.218580
29.208093,3.751890
25.480338,4.498387
36.210712,0.360468
32.224481,3.488036
37.340983,2.916363
42.498000,5.336786
38.039985,6.133857
49.322334,17.231908
59.068966,35.231498
18.393633,1.130401
24.733134,5.841342
25.086925,1.845982
29.407481,7.503391
22.803351,3.401945
29.365013,5.258463
29.459968,6.179060
14.723146,1.493207
11.926349,0.036722
63.904477,0.971791
63.215075,2.424223
11.761667,0.539306
12.529806,0.635195
13.676618,2.029461
57.400559,5.225060
53.142193,2.538275
51.728740,3.368140
48.535428,1.264741
48.111126,6.130143
47.470026,6.036589
36.412276,9.785387
24.863064,2.254809
30.963258,3.683257
30.992643,2.857113
35.531909,8.638078
39.305243,5.873853
48.811243,1.790486
45.684866,4.833264
44.815081,4.149554
42.392548,5.317228
47.952465,4.958294
38.424593,4.885586
24.056472,4.828893
33.537875,4.430550
41.877425,2.301015
33.908246,1.155796
30.659857,2.974104
31.293352,2.738073
34.733519,3.196114
20.552301,0.971817
26.968732,2.430552
36.218257,17.280797
18.461340,3.266504
33.910895,0.071777
30.131589,6.111973
27.938232,6.950546
28.316713,5.240755
26.697415,0.381331
33.251528,1.007156
25.972510,0.668621
22.009183,1.132390
33.936735,1.483695
37.318959,7.668079
37.327909,0.325614
39.383866,0.953100
39.080636,2.955966
36.319192,3.267823
28.922617,0.313805
32.027102,1.275974
22.964882,3.252926
37.560202,0.210272
37.777294,2.229470
34.978207,0.319070
44.240485,0.029486
37.948874,16.177143
18.082695,0.928414
28.443860,7.716598
