30.378273,1.594616
35.787653,3.766283
35.715607,4.100132
38.357593,4.164837
31.640508,3.711370
27.862991,4.464416
38.275272,0.353179
33.840981,3.407830
38.723884,2.832468
43.413801,5.141978
38.997704,5.921696
51.182806,16.741680
61.726757,34.343979
17.422193,1.018658
23.405000,5.257272
25.356651,1.767294
26.425307,6.136634
19.452070,2.448859
25.110913,3.801522
25.172795,4.460769
12.506220,1.068457
10.238422,0.026267
68.927441,0.959784
68.415951,2.397240
10.224369,0.385767
11.054764,0.453400
11.915047,1.451678
61.852899,5.158667
56.876229,2.499563
55.153088,3.311805
51.609949,1.242246
50.769912,6.001924
49.916766,5.901223
38.200637,9.556085
23.652750,2.043516
29.446850,3.336787
30.007264,2.642010
30.655786,6.367244
34.292961,4.455393
43.145011,1.405512
40.873499,3.911777
40.711857,3.478259
38.708381,4.505086
44.324260,4.300941
35.470732,4.227823
21.891517,4.062582
30.444247,3.707762
37.549153,1.872193
30.268997,0.930290
26.512420,2.204509
27.075541,2.032430
29.552179,2.291988
17.555461,0.695123
23.049343,1.738537
37.241282,16.710192
15.762115,2.354831
37.094126,0.071243
33.019380,6.070171
30.567770,6.899361
30.908305,5.197953
29.072958,0.377912
36.262580,0.998626
28.286766,0.662653
23.937101,1.121741
36.806980,1.468300
32.537801,5.805907
36.426758,0.303426
37.324107,0.859508
35.378497,2.458893
33.582005,2.836226
27.969613,0.289822
32.135695,1.215734
21.722816,2.926040
38.231742,0.202174
37.030415,2.086003
31.693227,0.265944
44.106771,0.027967
35.593995,14.375532
15.390271,0.664083
27.668131,7.168850
