25.589339,1.639769
29.644914,3.845760
29.182602,4.164462
31.170361,4.221643
25.558407,3.753911
22.277538,4.499641
31.797667,0.361056
28.332654,3.495094
32.923417,2.924874
37.621626,5.359397
33.640929,6.157781
43.480368,17.281308
51.989059,35.314400
16.816022,1.149429
22.623892,5.941141
22.281736,1.855854
27.894334,7.805511
23.057400,3.950687
29.535059,6.018745
29.676953,7.102308
15.143200,1.812188
12.403980,0.045149
55.946340,0.972459
55.321525,2.425603
12.202098,0.663069
12.952736,0.780950
14.181343,2.495183
50.258151,5.228836
46.571441,2.540813
45.358417,3.372099
42.576470,1.266395
42.260700,6.140723
41.725973,6.048302
32.021218,9.805820
22.675042,2.290217
28.243250,3.741384
28.009289,2.890821
35.211301,9.540378
38.389668,6.318726
47.008114,1.890389
43.498910,5.044441
42.132512,4.287168
39.699494,5.478871
44.514359,5.081497
35.701778,5.009592
22.586335,4.984376
31.548940,4.579406
39.797003,2.397476
32.350964,1.208531
30.286100,3.263390
30.887957,2.999852
35.375660,3.786994
21.367502,1.194698
28.042861,2.988103
32.003459,17.343514
18.629300,3.772238
29.647665,0.071797
26.340085,6.113388
24.425464,6.952395
24.760926,5.242445
23.349589,0.381477
29.078200,1.007503
22.715358,0.668875
19.251473,1.132864
29.692519,1.484438
36.479000,8.259205
33.610795,0.328978
35.994802,0.969006
36.843199,3.060148
33.707755,3.348600
26.153666,0.317581
28.516814,1.283895
21.011381,3.308864
33.286168,0.211238
33.947940,2.250798
32.951892,0.330139
39.483712,0.029693
34.895951,16.495321
18.750693,1.139867
25.649198,7.800805
