32.523204,1.635428
37.794137,3.839262
37.282383,4.160085
39.850257,4.218121
32.698359,3.751573
28.528906,4.498170
40.518672,0.360391
36.052698,3.487137
41.763410,2.915341
47.510213,5.334228
42.531054,6.131115
55.164756,17.225960
66.078127,35.221194
20.499804,1.128607
27.563888,5.831945
28.036004,1.844904
32.667608,7.476567
25.162738,3.365692
32.426118,5.205293
32.524417,6.115527
16.198783,1.475869
13.022942,0.036292
71.535813,0.971690
70.768025,2.424009
12.760224,0.532998
13.488586,0.627768
14.820860,2.005724
64.254160,5.224493
59.479984,2.537913
57.893611,3.367590
54.316727,1.264515
53.832829,6.128760
53.111072,6.035087
40.737000,9.782798
27.716123,2.251448
34.515785,3.677742
34.577788,2.853813
39.304052,8.566989
43.543247,5.836454
54.147244,1.781805
50.732140,4.814604
49.822893,4.137203
47.146005,5.302646
53.370722,4.947037
42.762865,4.874271
26.747805,4.814914
37.283574,4.417198
46.512140,2.292470
37.647545,1.151148
33.926437,2.950896
34.630262,2.716987
38.286008,3.160264
22.501653,0.960450
29.517456,2.402128
40.497876,17.273527
20.377079,3.232333
37.968282,0.071774
33.737513,6.111721
31.281087,6.950224
31.703902,5.240469
29.889970,0.381307
37.228575,1.007097
29.078425,0.668579
24.640666,1.132313
37.992756,1.483577
41.339496,7.618516
41.660200,0.325279
43.894752,0.951599
43.436955,2.946646
40.423765,3.260440
32.266578,0.313436
35.782971,1.275129
25.592716,3.247662
41.985274,0.210164
42.169649,2.227327
38.879724,0.318079
49.417131,0.029464
42.272290,16.147552
19.842084,0.917557
31.740682,7.708276
