26.134770,1.581040
30.857100,3.741018
30.860473,4.078379
33.174702,4.145027
27.395792,3.695939
24.177115,4.450471
32.988417,0.350702
29.136198,3.381105
33.278229,2.805358
37.234342,5.080781
33.461832,5.854643
43.989179,16.583042
53.105087,34.052079
14.838585,0.988411
19.933060,5.099707
21.719753,1.742986
22.468305,5.870752
16.633979,2.334896
21.451139,3.624632
21.510111,4.253197
10.747449,1.018734
8.931481,0.025044
59.626600,0.955331
59.225904,2.387027
9.034250,0.367816
9.912526,0.431617
10.551306,1.384107
53.496286,5.134183
49.127292,2.485766
47.605757,3.292052
44.526354,1.234441
43.745309,5.958587
42.985874,5.855951
32.884641,9.479891
20.150661,1.985473
25.086373,3.241705
25.596613,2.580094
26.131364,6.071329
29.191121,4.249520
36.696551,1.341690
34.754074,3.739634
34.617778,3.334880
32.917211,4.324654
37.706290,4.142385
30.173261,4.070428
18.615117,3.896668
25.886838,3.554318
31.926790,1.790421
25.738029,0.889060
22.591358,2.102129
23.069295,1.938060
25.313753,2.185326
15.232382,0.662775
20.011936,1.657627
31.967145,16.528882
13.473111,2.245248
32.189726,0.071023
28.666676,6.052635
26.527750,6.878233
26.807746,5.180676
25.202094,0.376559
31.445054,0.995209
24.521222,0.660289
20.744009,1.117568
31.877412,1.462389
27.698785,5.537483
31.092673,0.296938
31.790211,0.834126
30.081520,2.355723
28.568276,2.731918
23.856227,0.282937
27.504016,1.197325
18.499964,2.837988
32.775367,0.199645
31.620274,2.043709
26.948259,0.254835
37.724121,0.027507
30.298995,13.906586
13.293811,0.633180
23.610209,7.009655
