26.915888,1.643723
31.462528,3.865429
31.179270,4.193881
33.385448,4.254461
27.444911,3.785827
24.017412,4.542935
33.696928,0.362742
29.901688,3.507102
34.447389,2.927117
38.912232,5.343589
34.893529,6.145350
45.514724,17.297152
54.688207,35.400352
16.090478,1.109096
21.621961,5.728976
22.841880,1.844788
24.652911,7.102310
17.689676,2.960528
22.957819,4.593994
22.980635,5.391441
11.060038,1.292138
8.224030,0.031766
59.953018,0.980161
59.379436,2.445931
7.488976,0.466518
7.190728,0.549441
8.581584,1.755550
53.832096,5.269550
49.708537,2.558034
48.312609,3.392904
45.280333,1.273643
44.739001,6.167528
44.074166,6.070637
33.772415,9.837564
21.815824,2.216248
27.162561,3.619821
27.513711,2.825601
28.326482,7.671978
31.881781,5.329432
40.231253,1.659833
38.136816,4.552646
37.945816,3.969268
36.053395,5.107683
41.192835,4.804038
32.973713,4.729649
20.399731,4.625863
28.378349,4.235272
35.033539,2.172850
28.242337,1.085769
24.538599,2.653177
25.069139,2.445310
26.627840,2.771578
14.617929,0.840653
19.112906,2.102508
33.272549,17.321647
14.364912,2.846498
31.967231,0.072490
28.420220,6.173587
26.338767,7.019706
26.675542,5.291832
25.130953,0.384968
31.315361,1.016893
24.449503,0.675006
20.708990,1.143060
31.901496,1.497287
30.242407,6.948723
33.302701,0.322771
34.465543,0.935350
32.987558,2.818694
31.207391,3.166797
25.656361,0.310228
29.044517,1.273308
20.070344,3.189792
34.326838,0.210407
33.796402,2.212709
29.548622,0.304504
39.975949,0.029384
32.964297,15.801631
13.190653,0.803115
25.325777,7.642200
