29.710978,1.630084
34.620972,3.830370
34.224703,4.153376
36.611425,4.212417
30.066219,3.747514
26.267579,4.495201
37.099509,0.359499
32.968705,3.476991
38.092425,2.904158
43.191423,5.307022
38.695666,6.101772
50.322843,17.160771
60.365801,35.106387
18.282112,1.110875
24.575609,5.739118
25.425080,1.833631
28.688858,7.219163
21.739067,3.085499
28.034251,4.784908
28.112772,5.616696
13.987802,1.347621
11.352610,0.033130
65.732864,0.970429
65.062105,2.421277
11.238994,0.486559
12.027981,0.573074
13.077690,1.830970
59.032764,5.217453
54.584328,2.533555
53.092974,3.361065
49.788608,1.261862
49.274511,6.112935
48.580473,6.018072
37.244901,9.753653
24.747558,2.218152
30.816301,3.623119
31.021427,2.820757
34.076165,7.963226
37.887764,5.499230
47.309939,1.700450
44.493607,4.636363
43.899575,4.017647
41.604432,5.161069
47.267472,4.837060
37.858208,4.763806
23.579988,4.679460
32.843591,4.288034
40.820036,2.210656
32.995089,1.106878
29.435338,2.750863
30.051476,2.534618
33.055815,2.889964
19.535255,0.876768
25.638134,2.192834
36.870253,17.195299
17.608974,2.966043
34.960269,0.071728
31.071889,6.108211
28.803722,6.945795
29.183782,5.236610
27.505124,0.380987
34.265125,1.006317
26.758760,0.668022
22.670525,1.131299
34.940750,1.482057
35.962380,7.172838
37.452731,0.321906
39.152070,0.936761
38.232543,2.856662
35.804431,3.188298
28.938752,0.309744
32.394210,1.266369
22.815539,3.195673
38.137450,0.209022
37.954566,2.205653
34.230645,0.308503
44.667484,0.029241
37.595688,15.856516
17.173710,0.837617
28.511105,7.624635
