28.103683,1.639396
32.568498,3.845270
32.066823,4.164176
34.253071,4.221429
28.087605,3.753782
24.483674,4.499574
34.931817,0.361004
31.120665,3.494438
36.150154,2.924005
41.285259,5.356868
36.922420,6.155157
47.742789,17.276287
57.097544,35.306389
18.346206,1.146656
24.679844,5.926568
24.439230,1.854689
30.180393,7.757735
24.503693,3.844387
31.442053,5.877755
31.577221,6.929036
15.991747,1.737866
12.987800,0.043015
61.480067,0.972413
60.795501,2.425513
12.731255,0.631723
13.460783,0.744031
14.787679,2.377235
55.228675,5.228572
51.172942,2.540619
49.837171,3.371782
46.778412,1.266259
46.424499,6.139781
45.833385,6.047226
35.171316,9.803906
24.750738,2.285106
30.827591,3.732988
30.628033,2.886166
37.654901,9.385961
41.222668,6.245494
50.666667,1.874289
47.019903,5.010883
45.682921,4.265684
43.084235,5.453800
48.406014,5.062721
38.815178,4.990655
24.497313,4.960155
34.202736,4.556145
43.038796,2.382184
34.952044,1.200130
32.418017,3.214425
33.069599,2.955650
37.500683,3.663862
22.417604,1.138316
29.413031,2.847007
35.129387,17.336755
19.811079,3.675985
32.583717,0.071796
28.948833,6.113318
26.844384,6.952299
27.212715,5.242352
25.661253,0.381468
31.957308,1.007483
24.964251,0.668860
21.157226,1.132836
32.631154,1.484392
39.162349,8.161747
36.778621,0.328524
39.272669,0.966691
39.921677,3.043814
36.656443,3.336295
28.595759,0.317058
31.265551,1.282929
22.919681,3.300689
36.521730,0.211128
37.161041,2.247960
35.711351,0.328405
43.272779,0.029667
38.025114,16.448032
19.719258,1.086942
28.058959,7.789331
