32.296472,1.634893
37.542318,3.838399
37.042531,4.159456
39.597250,4.217596
32.493598,3.751208
28.354032,4.497916
40.246615,0.360304
35.805520,3.486132
41.464700,2.914207
47.151870,5.331407
42.214314,6.128087
54.771092,17.219356
65.617639,35.209707
20.295047,1.126664
27.287614,5.821771
27.816222,1.843721
32.271474,7.447698
24.791070,3.328455
31.952157,5.150347
32.047480,6.049985
15.954458,1.458294
12.836307,0.035858
71.082892,0.971574
70.323844,2.423762
12.590223,0.526616
13.325358,0.620254
14.626056,1.981703
63.846312,5.223845
59.095303,2.537502
57.515028,3.366967
53.958680,1.264260
53.469474,6.127209
52.748496,6.033406
40.456790,9.779904
27.443746,2.247806
34.176193,3.671767
34.259620,2.850227
38.749693,8.492244
42.954704,5.796647
53.449842,1.772500
50.107075,4.794537
49.242337,4.123889
46.606824,5.286921
52.787185,4.934881
42.293048,4.862056
26.438085,4.799844
36.847932,4.402810
45.943636,2.283278
37.179864,1.146153
33.452106,2.926416
34.147143,2.694730
37.713789,3.123701
22.170479,0.948947
29.084285,2.373360
40.199466,17.265488
20.077249,3.197157
37.735706,0.071770
33.531596,6.111426
31.089562,6.949848
31.508820,5.240136
29.705102,0.381279
36.999056,1.007030
28.898622,0.668530
24.487821,1.132224
37.755535,1.483441
40.779312,7.565788
41.288008,0.324915
43.457207,0.949974
42.924293,2.936607
39.982310,3.252467
31.968344,0.313035
35.494807,1.274202
25.335809,3.241963
41.664461,0.210045
41.799162,2.224992
38.422358,0.317011
49.009594,0.029441
41.834400,16.115551
19.544922,0.906570
31.453674,7.699226
