31.439662,1.639769
36.422879,3.845760
35.855086,4.164462
38.297402,4.221643
31.402330,3.753911
27.371334,4.499641
39.067767,0.361056
34.810340,3.495094
40.450104,2.924874
46.221172,5.359397
41.330864,6.157781
53.420549,17.281308
63.874984,35.314400
20.651147,1.149429
27.783297,5.941141
27.374184,1.855854
34.221177,7.805511
28.151913,3.950687
36.086894,6.018745
36.252969,7.102308
18.421309,1.812188
14.893788,0.045149
68.738381,0.972459
67.970764,2.425603
14.470876,0.663069
15.131148,0.780950
16.781136,2.495183
61.749580,5.228836
57.219769,2.540813
55.729293,3.372099
52.311199,1.266395
51.922965,6.140723
51.265830,6.048302
39.342183,9.805820
27.847663,2.290217
34.685980,3.741384
34.403870,2.890821
43.088755,9.540378
47.028892,6.318726
57.632407,1.890389
53.357204,5.044441
51.704860,4.287168
48.725011,5.478871
54.647865,5.081497
43.828113,5.009592
27.719045,4.984376
38.715999,4.579406
48.820045,2.397476
39.679481,1.208531
37.071592,3.263390
37.810630,2.999852
43.139093,3.786994
25.783329,1.194698
33.818965,2.988103
39.319304,17.343514
22.752021,3.772238
36.426654,0.071797
32.362796,6.113388
30.010388,6.952395
30.422546,5.242445
28.688495,0.381477
35.726966,1.007503
27.909247,0.668875
23.653336,1.132864
36.481716,1.484438
44.685927,8.259205
41.286334,0.328978
44.204173,0.969006
45.209692,3.060148
41.381417,3.348600
32.124330,0.317581
35.033501,1.283895
25.802935,3.308864
40.894389,0.211238
41.701544,2.250798
40.435713,0.330139
48.505460,0.029693
42.849420,16.495321
22.714809,1.139867
31.505955,7.800805
