35.075010,1.624471
40.976088,3.820620
40.591365,4.145653
43.457753,4.205687
35.720345,3.742570
31.253711,4.491312
43.890179,0.358530
38.957163,3.466183
44.906123,2.892627
50.770270,5.279801
45.516966,6.072227
59.331647,17.093454
71.265708,34.985764
21.155360,1.094413
28.432072,5.652990
29.824025,1.822540
32.788811,6.992732
24.429842,2.906074
31.546083,4.509736
31.622110,5.292458
15.645474,1.268308
12.578096,0.031180
78.038601,0.968932
77.285677,2.417968
12.354926,0.457915
13.099534,0.539298
14.356430,1.723167
70.072939,5.209142
64.717635,2.528582
62.907744,3.353739
58.964723,1.258914
58.276220,6.095823
57.418468,5.999876
44.002005,9.722697
28.664419,2.187162
35.691246,3.572286
36.068134,2.789636
38.486859,7.533740
42.951154,5.236805
53.835975,1.632450
50.795345,4.481189
50.309863,3.910435
47.738720,5.033270
54.394090,4.736599
43.552839,4.663007
27.034519,4.557703
37.632525,4.172332
46.627807,2.139041
37.646190,1.068572
33.272200,2.605669
33.975314,2.401596
37.078088,2.720502
21.713965,0.825147
28.486645,2.063729
43.394805,17.116080
19.798607,2.794191
41.598542,0.071667
36.981850,6.103518
34.274171,6.939965
34.713772,5.231637
32.705125,0.380583
40.752359,1.005320
31.818226,0.667318
26.951096,1.130030
41.519629,1.480191
40.759875,6.827647
43.618293,0.318711
45.310715,0.922981
43.777635,2.776395
41.205833,3.122382
33.638073,0.306272
37.943466,1.257835
26.393416,3.147448
44.797931,0.207887
44.244138,2.185049
39.204043,0.299949
52.251446,0.029025
43.409167,15.587934
19.141623,0.788302
33.182196,7.545617
