30.638714,2.131817
36.351503,5.064801
36.523531,5.538930
39.343130,5.636352
32.568609,5.032394
28.878224,6.073710
38.827507,0.474476
34.215271,4.565867
38.918876,3.773649
43.349856,6.798855
38.997718,7.844514
51.456014,22.311604
62.259199,45.916132
16.961732,1.277665
22.780685,6.589259
25.212325,2.322837
25.420620,7.463308
18.608757,2.961551
24.020496,4.597432
24.079978,5.394700
11.975969,1.292145
9.844001,0.031766
70.746030,1.299388
70.378449,3.249434
9.865266,0.466502
10.713079,0.545242
11.503637,1.755200
63.445765,6.981551
58.098149,3.374350
56.213819,4.464412
52.523499,1.672853
51.457876,8.057785
50.502025,7.910956
38.603996,12.797929
23.055057,2.571793
28.700280,4.198376
29.399033,3.371080
29.332881,7.700964
32.845236,5.390871
41.392568,1.702895
39.289148,4.751391
39.245999,4.247749
37.354027,5.515000
42.889360,5.301587
34.312081,5.207228
21.110685,4.965202
29.343635,4.526536
36.107489,2.275436
29.084553,1.129313
25.372248,2.666405
25.912255,2.458308
28.278403,2.771831
16.854384,0.840653
22.132689,2.102508
37.288601,22.170166
15.078181,2.847843
38.455758,0.096936
34.281182,8.264558
31.695580,9.388245
31.989260,7.067102
30.037164,0.513383
37.505530,1.357298
29.227346,0.900231
24.708060,1.523165
37.917820,1.991776
31.161887,7.024663
35.776059,0.389486
36.342983,1.078501
34.080972,2.998442
32.497287,3.496799
27.392731,0.369457
31.864610,1.590829
21.141053,3.666231
38.119563,0.266795
36.421315,2.686540
30.536262,0.324419
43.632829,0.036446
34.564271,17.897892
14.757627,0.803115
27.146354,9.179837
