24.143320,1.394708
28.035208,3.273493
27.640826,3.546526
29.538980,3.595817
24.232968,3.197933
21.136929,3.834053
30.059911,0.307292
26.755839,2.973633
31.016718,2.486539
35.320182,4.550928
31.610696,5.230427
40.967907,14.692119
49.052221,30.036908
15.350291,0.965223
20.642264,4.987917
20.859101,1.574351
24.657995,6.422235
19.325733,2.938194
24.856929,4.538144
24.945817,5.333912
12.542708,1.291490
10.303801,0.031766
53.023798,0.828327
52.448316,2.066302
10.284159,0.466517
11.111153,0.549466
11.983548,1.755545
47.628197,4.453714
44.101361,2.163649
42.932278,2.871102
40.284700,1.078122
39.940770,5.225894
39.412595,5.146280
30.233865,8.342340
20.742965,1.925107
25.832841,3.144710
25.827312,2.438363
29.990598,7.436109
33.095823,5.044611
41.013915,1.534854
38.326097,4.138266
37.533041,3.549104
35.486161,4.546537
40.095343,4.237235
32.132308,4.175327
20.144021,4.129737
28.090437,3.789604
35.122796,1.969791
28.454246,0.989789
25.863928,2.558859
26.394838,2.355474
29.491525,2.762678
17.668221,0.840652
23.197808,2.102508
30.093422,14.735122
15.638541,2.820429
28.130272,0.061177
24.994589,5.209299
23.175665,5.924059
23.490440,4.466819
22.147939,0.325020
27.584544,0.858426
21.546525,0.569887
18.259004,0.965178
28.155552,1.264624
31.427289,6.586330
31.092254,0.277848
32.866287,0.813819
32.742247,2.528763
30.367361,2.792563
24.104042,0.267819
26.638474,1.088320
19.167047,2.777702
31.220943,0.179316
31.458627,1.902268
29.302411,0.272942
36.808198,0.025152
31.693020,13.817291
15.480397,0.803103
23.696716,6.585017
