32.136911,1.635428
37.345058,3.839262
36.839268,4.160085
39.376579,4.218121
32.309659,3.751573
28.189729,4.498170
40.037249,0.360391
35.624416,3.487137
41.267497,2.915341
46.946413,5.334228
42.026261,6.131115
54.509695,17.225960
65.293285,35.221194
20.257986,1.128607
27.238779,5.831945
27.703480,1.844904
32.285949,7.476567
24.878441,3.365692
32.058064,5.205293
32.155723,6.115527
16.019811,1.475869
12.889429,0.036292
70.685492,0.971690
69.926785,2.424009
12.638641,0.532998
13.371846,0.627768
14.681539,2.005724
63.490406,5.224493
58.773068,2.537913
57.205604,3.367590
53.671267,1.264515
53.193243,6.128760
52.480125,6.035087
40.253086,9.782798
27.389010,2.251448
34.108435,3.677742
34.168942,2.853813
38.853362,8.566989
43.040166,5.836454
53.517953,1.781805
50.140156,4.814604
49.239246,4.137203
46.593111,5.302646
52.743388,4.947037
42.260333,4.874271
26.434351,4.814914
36.846892,4.417198
45.969058,2.292470
37.208539,1.151148
33.536699,2.950896
34.232269,2.716987
37.856718,3.160264
22.264378,0.960450
29.207207,2.402128
40.017153,17.273527
20.146429,3.232333
37.516881,0.071774
33.336404,6.111721
30.909188,6.950224
31.326987,5.240469
29.534630,0.381307
36.785983,1.007097
28.732732,0.668579
24.347735,1.132313
37.541111,1.483577
40.862055,7.618516
41.167267,0.325279
43.376930,0.951599
42.928525,2.946646
39.948587,3.260440
31.885102,0.313436
35.358738,1.275129
25.290872,3.247662
41.487124,0.210164
41.670504,2.227327
38.424541,0.318079
48.831488,0.029464
41.774283,16.147552
19.628110,0.917557
31.365223,7.708276
