25.221881,1.643723
29.482369,3.865429
29.216939,4.193881
31.284266,4.254461
25.717609,3.785827
22.505827,4.542935
31.576142,0.362742
28.019763,3.507102
32.279371,2.927117
36.463211,5.343589
32.697433,6.145350
42.650161,17.297152
51.246292,35.400352
15.077791,1.109096
20.261138,5.728976
21.404279,1.844788
23.101329,7.102310
16.576340,2.960528
21.512921,4.593994
21.534302,5.391441
10.363952,1.292138
7.706433,0.031766
56.179751,0.980161
55.642269,2.445931
7.017642,0.466518
6.738165,0.549441
8.041485,1.755550
50.444062,5.269550
46.580027,2.558034
45.271955,3.392904
42.430522,1.273643
41.923259,6.167528
41.300268,6.070637
31.646879,9.837564
20.442800,2.216248
25.453029,3.619821
25.782079,2.825601
26.543696,7.671978
29.875236,5.329432
37.699216,1.659833
35.736597,4.552646
35.557618,3.969268
33.784300,5.107683
38.600279,4.804038
30.898445,4.729649
19.115832,4.625863
26.592299,4.235272
32.828631,2.172850
26.464847,1.085769
22.994212,2.653177
23.491361,2.445310
24.951962,2.771578
13.697919,0.840653
17.909996,2.102508
31.178472,17.321647
13.460827,2.846498
29.955307,0.072490
26.631535,6.173587
24.681082,7.019706
24.996661,5.291832
23.549285,0.384968
29.344464,1.016893
22.910723,0.675006
19.405627,1.143060
29.893709,1.497287
28.339038,6.948723
31.206727,0.322771
32.296383,0.935350
30.911418,2.818694
29.243289,3.166797
24.041625,0.310228
27.216541,1.273308
18.807176,3.189792
32.166408,0.210407
31.669356,2.212709
27.688919,0.304504
37.459980,0.029384
30.889621,15.801631
12.360472,0.803115
23.731847,7.642200
