31.740614,1.615366
37.195785,3.804349
36.944823,4.132325
39.597140,4.193870
32.586952,3.733690
28.573467,4.483950
39.819183,0.356922
35.292839,3.448489
40.570344,2.874144
45.720161,5.236973
41.020414,6.025560
53.610758,16.985442
64.492389,34.790060
18.763399,1.069746
25.212921,5.524003
26.797197,1.805265
28.813622,6.679776
21.355570,2.712761
27.571327,4.210882
27.638778,4.941265
13.706130,1.183662
11.132121,0.029099
71.122934,0.966293
70.491235,2.412050
11.038184,0.427354
11.835417,0.503130
12.847584,1.608180
63.849249,5.194545
58.878906,2.520050
57.183267,3.341316
53.566853,1.253952
52.851375,6.067532
52.032747,5.970012
39.854372,9.672117
25.444415,2.140598
31.680017,3.495925
32.125556,2.742441
33.645481,7.047834
37.587798,4.920360
47.192225,1.544476
44.606620,4.269862
44.289244,3.757837
42.062105,4.849432
48.028431,4.589302
38.446971,4.515465
23.806155,4.383748
33.124845,4.007931
40.960806,2.040762
33.048096,1.016840
29.091715,2.439355
29.707871,2.248739
32.429979,2.539091
19.143956,0.770074
25.126306,1.925990
39.132961,16.990516
17.305607,2.608544
38.034024,0.071551
33.826850,6.094496
31.338902,6.928883
31.723586,5.222334
29.872025,0.379838
37.234460,1.003463
29.062710,0.666016
24.609283,1.127705
37.887869,1.476820
35.667399,6.413037
38.910945,0.313847
40.191709,0.902326
38.516349,2.663096
36.385659,3.025695
29.954098,0.301009
34.040635,1.244620
23.403286,3.075245
40.311070,0.206108
39.504498,2.153606
34.497552,0.287848
46.814836,0.028692
38.430696,15.188263
16.823438,0.735688
29.582249,7.425507
