27.939156,1.639944
32.362029,3.845976
31.854547,4.164581
34.023435,4.221729
27.897187,3.753961
24.315468,4.499664
34.712899,0.361079
30.932392,3.495395
35.950783,2.925292
41.093100,5.360673
36.742221,6.159091
47.477951,17.283719
56.763023,35.318149
18.429322,1.151059
24.796032,5.949719
24.344298,1.856459
30.726256,7.835209
25.656563,4.020977
32.837251,6.110726
33.003133,7.215739
16.889054,1.866289
13.790554,0.046853
61.066904,0.972477
60.384054,2.425638
13.469249,0.688097
14.169479,0.810430
15.633417,2.589371
54.858338,5.228941
50.836076,2.540895
49.513255,3.372235
46.477438,1.266454
46.135961,6.141146
45.553952,6.048793
34.959832,9.806701
24.843011,2.293203
30.944241,3.746292
30.654808,2.893467
39.054899,9.639150
42.480465,6.365133
51.901212,1.900510
47.942466,5.065368
46.349130,4.300404
43.648110,5.494246
48.882111,5.092871
39.209667,5.021078
24.841989,4.999276
34.709322,4.593746
43.849640,2.406996
35.666661,1.213778
33.574644,3.294633
34.237556,3.028041
39.405764,3.870800
23.810241,1.239598
31.241760,3.100551
34.951643,17.346859
20.722825,3.835520
32.359787,0.071797
28.749543,6.113413
26.659856,6.952429
27.026137,5.242478
25.485832,0.381480
31.738435,1.007510
24.793568,0.668881
21.012854,1.132874
32.409466,1.484456
40.371419,8.320991
36.770631,0.329233
39.446577,0.970366
40.546807,3.070242
37.014053,3.356050
28.625768,0.317879
31.163323,1.284406
23.029376,3.313679
36.360691,0.211294
37.131701,2.252376
36.260511,0.331209
43.157255,0.029707
38.271832,16.523483
20.916930,1.181292
28.064996,7.807274
