31.041239,1.745694
36.355315,4.110276
36.092084,4.463774
38.675210,4.529919
31.820884,4.032540
27.890309,4.842193
38.923402,0.385640
34.508105,3.726375
39.688489,3.106476
44.753140,5.662086
40.147175,6.514179
52.444057,18.358226
63.071080,37.596860
18.419584,1.159663
24.751792,5.988628
26.241336,1.952297
28.341535,7.269620
21.053665,2.961339
27.177164,4.596624
27.244948,5.393962
13.519956,1.292144
10.994215,0.031766
69.463875,1.043704
68.836857,2.605151
10.912605,0.466519
11.714792,0.549292
12.703682,1.755562
62.362423,5.610769
57.524431,2.722260
55.876746,3.609642
52.348824,1.354710
51.665955,6.555910
50.873069,6.450937
38.969805,10.451700
24.974114,2.319992
31.094821,3.788963
31.510955,2.969874
33.149091,7.691999
37.015024,5.367387
46.448597,1.683258
43.883087,4.648715
43.545624,4.085733
41.347938,5.270300
47.191347,4.982807
37.778732,4.903117
23.404932,4.765557
32.569600,4.357933
40.293032,2.221398
32.514856,1.107282
28.659508,2.662106
29.265759,2.454033
31.978658,2.771789
18.898816,0.840653
24.805792,2.102508
38.295363,18.367121
17.059907,2.847551
37.124134,0.077267
33.014986,6.581214
30.588873,7.482403
30.967590,5.639716
29.163129,0.410209
36.348550,1.083676
28.372879,0.719269
24.026611,1.217897
36.995268,1.595000
35.124892,6.995945
38.155188,0.339771
39.454449,0.978142
37.874653,2.896349
35.751066,3.285053
29.382362,0.325988
33.343982,1.346244
22.975605,3.333981
39.464043,0.222857
38.730652,2.331117
33.921657,0.313036
45.868096,0.031040
37.740310,16.474276
16.602121,0.803115
29.011205,8.039824
