33.564682,1.624471
39.210019,3.820620
38.840688,4.145653
41.582984,4.205687
34.178971,3.742570
29.904540,4.491312
41.998803,0.358530
37.279081,3.466183
42.973546,2.892627
48.588035,5.279801
43.559928,6.072227
56.778125,17.093454
68.196986,34.985764
20.254750,1.094413
27.221886,5.652990
28.543378,1.822540
31.410883,6.992732
23.442623,2.906074
30.264750,4.509736
30.339538,5.292458
15.028374,1.268308
12.119268,0.031180
74.671838,0.968932
73.950855,2.417968
11.937107,0.457915
12.698355,0.539298
13.877654,1.723167
67.049976,5.209142
61.926690,2.528582
60.195427,3.353739
56.422808,1.258914
55.765166,6.095823
54.944947,5.999876
42.106745,9.722697
27.443213,2.187162
34.170752,3.572286
34.527265,2.789636
36.905436,7.533740
41.170652,5.236805
51.588348,1.632450
48.664014,4.481189
48.188326,3.910435
45.722711,5.033270
52.089945,4.736599
41.708499,4.663007
25.893925,4.557703
36.045935,4.172332
44.669789,2.139041
36.067924,1.068572
31.902154,2.605669
32.575623,2.401596
35.592209,2.720502
20.898413,0.825147
27.420312,2.063729
41.528540,17.116080
18.996909,2.794191
39.802778,0.071667
35.385276,6.103518
32.794580,6.939965
33.215343,5.231637
31.293536,0.380583
38.993337,1.005320
30.444910,0.667318
25.787919,1.130030
39.727912,1.480191
39.070961,6.827647
41.752839,0.318711
43.381595,0.922981
41.933487,2.776395
39.460214,3.122382
32.201266,0.306272
36.315368,1.257835
25.270085,3.147448
42.873026,0.207887
42.350810,2.185049
37.552106,0.299949
50.010952,0.029025
41.564577,15.587934
18.405691,0.788302
31.763688,7.545617
