25.109064,1.637917
29.129696,3.843143
28.701254,4.162809
30.665215,4.220355
25.151168,3.753091
21.930597,4.499171
31.238144,0.360785
27.816304,3.491763
32.275597,2.920701
36.800020,5.347902
32.924834,6.145713
42.628489,17.257134
51.013935,35.274649
16.134870,1.138713
21.700228,5.884895
21.754628,1.850727
26.140750,7.630139
20.723347,3.598074
26.636006,5.539902
26.736959,6.517535
13.468768,1.592320
11.017961,0.039200
55.042870,0.972180
54.437645,2.425039
10.934893,0.575704
11.735964,0.678060
12.729222,2.166422
49.443920,5.227249
45.797587,2.539705
44.592519,3.370339
41.848811,1.265651
41.510622,6.135815
40.971101,6.042799
31.434320,9.796145
21.789756,2.270347
27.137670,3.708756
27.066929,2.872218
32.063824,8.994858
35.292969,6.055450
43.617710,1.831919
40.663635,4.921617
39.712572,4.207679
37.513869,5.385728
42.300889,5.010959
33.906982,4.938541
21.307423,4.894638
29.725541,4.493393
37.249739,2.341428
30.202514,1.177827
27.636887,3.089540
28.200430,2.842740
31.649559,3.395572
18.933908,1.037401
24.853691,2.594590
31.336463,17.312098
16.765210,3.449833
29.186243,0.071790
25.931505,6.112870
24.045484,6.951706
24.373860,5.241800
22.982654,0.381420
28.622761,1.007369
22.358487,0.668776
18.947999,1.132677
29.221011,1.484139
33.518673,7.909079
32.552535,0.327138
34.543462,0.960052
34.664847,2.999873
32.036141,3.302361
25.264813,0.315495
27.802432,1.279728
20.150585,3.277327
32.539661,0.210743
32.918358,2.239193
31.018093,0.323737
38.442371,0.029583
33.360708,16.314819
16.613101,0.991024
24.819491,7.754567
