29.222488,1.624471
34.132572,3.820620
33.807494,4.145653
36.193023,4.205687
29.747522,3.742570
26.025672,4.491312
36.561098,0.358530
32.454596,3.466183
37.417387,2.892627
42.314112,5.279801
37.933445,6.072227
49.436748,17.093454
59.374410,34.985764
17.665495,1.094413
23.742598,5.652990
24.861518,1.822540
27.449341,6.992732
20.604370,2.906074
26.580917,4.509736
26.652143,5.292458
13.254214,1.268308
10.800138,0.031180
64.992395,0.968932
64.363242,2.417968
10.735879,0.457915
11.544964,0.539298
12.501173,1.723167
58.358958,5.209142
53.902724,2.528582
52.397516,3.353739
49.114801,1.258914
48.545887,6.095823
47.833572,5.999876
36.657874,9.722697
23.932244,2.187162
29.799332,3.572286
30.097266,2.789636
32.358844,7.533740
36.051710,5.236805
45.126419,1.632450
42.536437,4.481189
42.088908,3.910435
39.926685,5.033270
45.465527,4.736599
36.406022,4.663007
22.614716,4.557703
31.484486,4.172332
39.040489,2.139041
31.530409,1.068572
27.963271,2.605669
28.551511,2.401596
31.320305,2.720502
18.553699,0.825147
24.354607,2.063729
36.163029,17.116080
16.692029,2.794191
34.639958,0.071667
30.795124,6.103518
28.540755,6.939965
28.907361,5.231637
27.235216,0.380583
33.936147,1.005320
26.496625,0.667318
22.443788,1.130030
34.576725,1.480191
34.215332,6.827647
36.389656,0.318711
37.835374,0.922981
36.631561,2.776395
34.441560,3.122382
28.070449,0.306272
31.634586,1.257835
22.040510,3.147448
37.338925,0.207887
36.907491,2.185049
32.802788,0.299949
43.569532,0.029025
36.261379,15.587934
16.289887,0.788302
27.685476,7.545617
