33.708868,1.632887
39.228339,3.835101
38.739248,4.157002
41.424240,4.215524
34.004151,3.749747
29.687534,4.496871
42.046114,0.359972
37.387053,3.482338
43.249773,2.909987
49.113359,5.321058
43.985271,6.116944
57.132357,17.194769
68.487872,35.166614
20.960275,1.119782
28.178663,5.785738
28.942990,1.839413
33.083252,7.346782
25.159544,3.211047
32.450463,4.975091
32.540275,5.841689
16.156679,1.404110
12.975560,0.034521
74.367587,0.971117
73.588936,2.422777
12.716939,0.506982
13.447036,0.597134
14.771260,1.907825
66.792525,5.221289
61.794231,2.535904
60.125598,3.364563
56.396806,1.263279
55.852939,6.121316
55.084281,6.027050
42.240306,9.768998
28.359008,2.234892
35.314598,3.650579
35.478718,2.837443
39.438088,8.245248
43.815949,5.661315
54.648138,1.740307
51.332323,4.724528
50.564684,4.077174
47.894347,5.231664
54.339973,4.892050
43.529176,4.819026
27.154962,4.746937
37.833205,4.352330
47.083360,2.251175
38.075325,1.128745
34.062801,2.844946
34.774616,2.620533
38.238139,3.009872
22.419154,0.913569
29.409086,2.284877
41.897644,17.235826
20.381208,3.085775
39.511087,0.071754
35.112280,6.110197
32.552627,6.948290
32.987609,5.238770
31.095359,0.381165
38.733702,1.006753
30.251322,0.668332
25.632095,1.131862
39.513498,1.482896
41.591601,7.386756
42.796794,0.323612
44.884761,0.944215
44.053930,2.901413
41.160274,3.224373
33.101187,0.311607
36.904889,1.270846
26.161747,3.221781
43.382518,0.209610
43.348908,2.216632
39.438857,0.313267
50.922037,0.029355
43.150503,16.002439
19.772968,0.872775
32.590870,7.666908
