27.735279,2.131817
33.003904,5.064801
33.241308,5.538930
35.843119,5.636352
29.704063,5.032394
26.389728,6.073710
35.233825,0.474476
31.006121,4.565867
35.173484,3.773649
39.046611,6.798855
35.154850,7.844514
46.510807,22.311604
56.360601,45.916132
14.964509,1.277665
20.091911,6.589259
22.653254,2.322837
21.927765,7.463308
15.159013,2.961551
19.705447,4.597432
19.715085,5.394700
9.444407,1.292145
7.016313,0.031766
64.466272,1.299388
64.176099,3.249434
6.389268,0.466502
6.138951,0.545242
7.321532,1.755200
57.802627,6.981551
52.856861,3.374350
51.102478,4.464412
47.721313,1.672853
46.679011,8.057785
45.777968,7.910956
34.975817,12.797929
20.369909,2.571793
25.355063,4.198376
26.117305,3.371080
24.456838,7.700964
27.739362,5.390871
35.336049,1.702895
33.805951,4.751391
34.046545,4.247749
32.484021,5.515000
37.497030,5.301587
29.981884,5.207228
18.329124,4.965202
25.446676,4.526536
31.108015,2.275436
24.991653,1.129313
21.218866,2.666405
21.685963,2.458308
22.777182,2.771831
12.471474,0.840653
16.306342,2.102508
33.636778,22.170166
12.317139,2.847843
35.144387,0.096936
31.341187,8.264558
28.967708,9.388245
29.221530,7.067102
27.425008,0.513383
34.254185,1.357298
26.686245,0.900231
22.553394,1.523165
34.591319,1.991776
26.300365,7.024663
31.854520,0.389486
32.069521,1.078501
29.514287,2.998442
28.415271,3.496799
24.326381,0.369457
28.579726,1.590829
18.643202,3.666231
34.307041,0.266795
32.469355,2.686540
26.456607,0.324419
39.072287,0.036446
30.389694,17.897892
11.255084,0.803115
24.148713,9.179837
