27.350762,1.538603
31.850407,3.614670
31.470109,3.918884
33.658262,3.974361
27.635364,3.535516
24.135884,4.240494
34.134305,0.339266
30.342575,3.281611
35.079068,2.741508
39.804792,5.011140
35.655049,5.761198
46.340489,16.199493
55.570108,33.136161
16.923857,1.051300
22.751205,5.431574
23.444644,1.731770
26.662344,6.859361
20.335872,2.957228
26.208755,4.584574
26.286791,5.382093
13.116364,1.292089
10.706620,0.031766
60.428239,0.915576
59.803897,2.284328
10.650752,0.466517
11.463161,0.549474
12.403626,1.755546
54.270853,4.922595
50.194891,2.390570
48.831194,3.171532
45.797282,1.190746
45.339565,5.769028
44.708096,5.679792
34.279729,9.205710
22.902352,2.098782
28.519184,3.428187
28.676245,2.667139
31.807074,7.618397
35.313500,5.249567
44.034428,1.619449
41.366395,4.407684
40.761760,3.812933
38.615062,4.895795
43.830580,4.584049
35.108875,4.515045
21.891552,4.440298
30.497872,4.069842
37.943721,2.101034
30.682208,1.052599
27.466336,2.630592
28.039067,2.423533
30.950111,2.770525
18.386867,0.840653
24.136671,2.102508
33.967917,16.234649
16.468474,2.842442
32.122786,0.067663
28.548337,5.761992
26.465726,6.552199
26.817059,4.939982
25.276561,0.359415
31.487271,0.949323
24.590572,0.630196
20.834610,1.067256
32.114376,1.398199
33.521603,6.848102
34.604693,0.304297
36.241987,0.886501
35.509852,2.712052
33.200249,3.021461
26.753000,0.292888
29.882818,1.196211
21.122375,3.024485
35.153690,0.197382
35.058978,2.084716
31.790608,0.292859
41.219317,0.027625
34.825736,15.013571
16.136851,0.803114
26.348156,7.208281
