30.784925,1.843791
36.166232,4.347759
36.002193,4.727193
38.623155,4.799428
31.819416,4.274571
27.954721,5.137146
38.699634,0.407818
34.260560,3.937966
39.297756,3.278172
44.175405,5.963541
39.657410,6.864277
51.934976,19.374418
62.551752,39.710050
17.929537,1.201787
24.089475,6.204264
25.847785,2.053087
27.359743,7.371080
20.205199,2.961513
26.084433,4.597265
26.148515,5.394553
12.980671,1.292145
10.591641,0.031766
69.387845,1.105908
68.818064,2.761276
10.546013,0.466523
11.363109,0.548923
12.283610,1.755583
62.279833,5.944633
57.356167,2.882394
55.664289,3.820563
52.117873,1.433489
51.350001,6.931745
50.522626,6.818200
38.681825,11.043968
24.327695,2.407580
30.288371,3.931633
30.789692,3.097088
31.838127,7.698499
35.593749,5.382889
44.737715,1.694964
42.336619,4.704382
42.104621,4.163618
40.010627,5.383341
45.752227,5.117034
36.619043,5.032415
22.636288,4.860248
31.488256,4.439464
38.885145,2.250193
31.359120,1.119439
27.532194,2.665161
28.116207,2.457055
30.690564,2.771825
18.183294,0.840653
23.870234,2.102508
37.851337,19.361807
16.372823,2.847787
37.213023,0.081976
33.109398,6.983410
30.663908,7.938572
31.024706,5.982283
29.199735,0.435036
36.407408,1.149410
28.409303,0.762808
24.049118,1.291459
37.004431,1.690914
33.773518,7.015006
37.334593,0.354987
38.408306,1.013850
36.602200,2.946794
34.662596,3.374002
28.703724,0.339850
32.797148,1.414110
22.359274,3.453563
38.926410,0.234604
37.928539,2.437914
32.786396,0.318620
45.060429,0.032569
36.676108,17.015213
15.956755,0.803115
28.370803,8.393665
