32.034178,1.639916
37.106507,3.845943
36.525251,4.164563
39.012342,4.221716
31.987925,3.753954
27.881125,4.499661
39.801844,0.361075
35.466603,3.495347
41.219077,2.925224
47.111930,5.360462
42.124515,6.158875
54.435583,17.283327
65.082759,35.317546
21.110690,1.150772
28.403197,5.948208
27.908263,1.856358
35.140544,7.829862
29.190684,4.008063
37.385123,6.093892
37.566982,7.194958
19.157837,1.856035
15.508871,0.046517
70.021299,0.972474
69.238501,2.425633
15.034653,0.683166
15.672524,0.804619
17.427206,2.570808
62.902304,5.228926
58.289839,2.540882
56.772777,3.372214
53.291640,1.266445
52.899361,6.141079
52.231622,6.048715
40.084304,9.806561
28.459891,2.292679
35.449193,3.745430
35.127752,2.893008
44.531420,9.621173
48.494583,6.356713
59.305723,1.898679
54.818878,5.061595
53.031697,4.298030
49.950435,5.491493
55.961674,5.090845
44.886681,5.019031
28.425489,4.996605
39.712544,4.591173
50.144283,2.405281
40.777761,1.212831
38.293469,3.288951
39.052134,3.022915
44.786466,3.855270
26.859255,1.230764
35.229691,3.078416
40.072181,17.346309
23.583484,3.823913
37.105079,0.071797
32.965441,6.113409
30.569303,6.952424
30.989270,5.242474
29.223063,0.381480
36.392570,1.007509
28.429288,0.668880
24.094156,1.132873
37.161896,1.484454
46.084199,8.309778
42.140292,0.329189
45.186323,0.970126
46.386531,3.068429
42.375161,3.354723
32.802098,0.317828
35.723778,1.284320
26.379324,3.312831
41.685579,0.211285
42.556333,2.252104
41.484381,0.331017
49.470402,0.029705
43.831074,16.518501
23.656256,1.173209
32.162063,7.806155
