29.536452,2.052936
35.037201,4.864136
35.183067,5.308293
37.885493,5.397230
31.346068,4.814599
27.760325,5.801927
37.426225,0.455886
32.983927,4.392467
37.515443,3.639810
41.764431,6.580622
37.577730,7.586190
49.601111,21.517192
60.019374,44.216161
16.180790,1.264386
21.727263,6.522472
24.274452,2.254410
23.831813,7.455290
16.523702,2.961550
21.477855,4.597429
21.488871,5.394698
10.295827,1.292145
7.648931,0.031766
68.118820,1.244043
67.743150,3.109279
6.965302,0.466528
6.690510,0.546752
7.981557,1.755500
61.094678,6.685257
55.972445,3.234883
54.168197,4.282744
50.618173,1.605548
49.602595,7.744510
48.683918,7.608560
37.214976,12.314332
22.014364,2.541906
27.402970,4.149958
28.164264,3.314061
26.647775,7.700898
30.207893,5.390527
38.450369,1.702404
36.753810,4.747625
36.969435,4.238964
35.256793,5.500140
40.650608,5.276925
32.507614,5.184261
19.899681,4.953948
27.633071,4.517552
33.814946,2.273327
27.175486,1.128555
23.117427,2.666368
23.625709,2.458269
24.829397,2.771831
13.595951,0.840653
17.776585,2.102508
35.935192,21.424953
13.425647,2.847842
36.965171,0.092593
32.942576,7.891982
30.465913,8.967325
30.759398,6.752874
28.891687,0.490743
36.068160,1.297135
28.112329,0.860515
23.769694,1.456296
36.489746,1.905200
28.641894,7.024257
34.315179,0.381951
34.673892,1.067130
32.057686,2.993344
30.804074,3.480321
26.237042,0.363344
30.661561,1.547056
20.161580,3.629481
36.718260,0.258464
34.955996,2.630879
28.734317,0.323838
41.960495,0.035508
32.895693,17.757831
12.269879,0.803115
26.025390,9.011345
