36.635940,1.638846
42.476502,3.844505
41.834630,4.163702
44.691072,4.221063
36.650039,3.753552
31.951117,4.499447
45.555438,0.360925
40.576496,3.493455
47.110408,2.922759
53.761283,5.353401
48.089491,6.151525
62.219614,17.269071
74.432630,35.294593
23.722997,1.143354
31.908822,5.909238
31.803764,1.853134
38.663624,7.703524
30.754365,3.733228
39.546176,5.727377
39.692009,6.745187
19.903169,1.668317
15.884349,0.041152
80.216500,0.972334
79.327738,2.425355
15.367905,0.604365
15.992391,0.711808
17.808997,2.274276
72.058729,5.228121
66.757917,2.540300
65.009491,3.371272
61.015323,1.266042
60.540178,6.138339
59.762328,6.045603
45.856273,9.801046
32.022919,2.278988
39.883653,3.722941
39.709758,2.880453
47.613134,9.216122
52.367741,6.163882
64.634452,1.856198
60.174293,4.972908
58.662235,4.241123
55.381392,5.425027
62.360679,5.040944
49.993686,4.968718
31.468373,4.932429
43.913553,4.529567
55.108373,2.364857
44.705485,1.190636
41.034997,3.160368
41.870411,2.906811
46.917785,3.539945
27.570946,1.089039
36.149962,2.723743
45.761385,17.327316
24.885188,3.574495
42.521781,0.071794
37.778862,6.113178
35.032021,6.952112
35.511856,5.242175
33.486365,0.381453
41.703021,1.007447
32.576864,0.668833
27.608457,1.132784
42.579417,1.484308
49.738054,8.053195
47.723165,0.327960
50.786160,0.963932
51.226839,3.025187
47.226492,3.322021
37.070053,0.316417
40.666532,1.281662
29.631440,3.290972
47.548254,0.210978
48.240391,2.244405
45.832926,0.326427
56.256869,0.029634
49.101212,16.392367
24.376181,1.040215
36.396841,7.775144
