33.539429,1.639101
38.877996,3.844864
38.285292,4.163928
40.897585,4.221239
33.537703,3.753663
29.236224,4.499510
41.697484,0.360962
37.143797,3.493913
43.134657,2.923332
49.240820,5.354980
44.042142,6.153184
56.968018,17.272396
68.141372,35.300061
21.792905,1.144808
29.314266,5.916867
29.137854,1.853838
35.652008,7.727126
28.580829,3.780410
36.722997,5.791609
36.866627,6.823584
18.551295,1.696937
14.888009,0.041907
73.406888,0.972372
72.591675,2.425431
14.461066,0.615453
15.121680,0.724868
16.769857,2.316006
65.942158,5.228338
61.095179,2.540452
59.497519,3.371513
55.843767,1.266144
55.414516,6.139014
54.705415,6.046360
41.977589,9.802376
29.410563,2.281685
36.630645,3.727370
36.438665,2.882987
44.126735,9.289400
48.447349,6.199246
59.699126,1.864055
55.509839,4.989431
54.041912,4.251835
50.998704,5.437587
57.374109,5.050474
46.000230,4.978315
28.985837,4.944524
40.457357,4.541157
50.826042,2.372399
41.249143,1.194765
38.014992,3.183720
38.785196,2.927915
43.651477,3.591943
25.797487,1.109015
33.831747,2.773712
41.907070,17.331636
23.119543,3.617686
38.908638,0.071795
34.568464,6.113247
32.055262,6.952204
32.494693,5.242262
30.641674,0.381460
38.160018,1.007465
29.809416,0.668847
25.263285,1.132809
38.963237,1.484349
46.018906,8.100224
43.776892,0.328211
46.652817,0.965147
47.205868,3.033306
43.449134,3.328268
34.018263,0.316701
37.265862,1.282233
27.222686,3.295249
43.554207,0.211046
44.243210,2.245990
42.232136,0.327289
51.563205,0.029649
45.132077,16.416811
22.771665,1.059194
33.391739,7.781448
