27.731421,2.106354
32.862327,4.999515
32.980435,5.463482
35.508678,5.557974
29.377026,4.960859
26.018347,5.984142
35.108451,0.468436
30.955517,4.509723
35.247325,3.730661
39.305366,6.729605
35.349967,7.762284
46.599287,22.056327
56.350948,45.367330
15.457158,1.273959
20.761180,6.570665
22.877608,2.301353
23.246516,7.461413
17.117267,2.961551
22.081339,4.597431
22.139985,5.394699
11.046988,1.292145
9.153872,0.031766
63.843811,1.281240
63.488340,3.203416
9.236797,0.466515
10.108647,0.545778
10.783449,1.755332
57.261675,6.884430
52.471918,3.328763
50.788886,4.405132
47.466721,1.650918
46.535868,7.956078
45.685473,7.812971
34.929084,12.641438
21.004158,2.563360
26.147717,4.184726
26.753678,3.354334
26.924155,7.700952
30.109378,5.390802
37.900252,1.702787
35.940378,4.750518
35.862076,4.245588
34.121434,5.511280
39.146124,5.295164
31.320116,5.201270
19.288190,4.962415
26.814909,4.524331
33.024585,2.274942
26.610033,1.129139
23.281896,2.666398
23.775746,2.458301
26.037728,2.771831
15.627682,0.840653
20.528786,2.102508
33.793104,21.932355
13.866227,2.847843
34.645878,0.095504
30.877362,8.141683
28.554575,9.249501
28.828112,6.963611
27.076836,0.505932
33.803077,1.337490
26.346461,0.887161
22.276396,1.501170
34.197337,1.963327
28.568203,7.024582
32.540301,0.387239
33.118069,1.075324
31.149893,2.997203
29.660413,3.492503
24.929822,0.367666
28.928687,1.577202
19.267403,3.656011
34.572164,0.264160
33.117526,2.669803
27.908300,0.324277
39.630054,0.036156
31.517960,17.859823
13.650569,0.803115
24.696262,9.129888
