32.020719,2.080047
37.925606,4.932600
38.040699,5.386579
40.945912,5.478244
33.864182,4.888243
29.971981,5.893530
40.521895,0.462236
35.737387,4.451896
40.708350,3.686024
45.411416,6.656819
40.838525,7.676128
53.818122,21.791382
65.066681,44.800396
17.861757,1.269558
23.990541,6.548537
26.436524,2.278533
26.814715,7.458814
19.601605,2.961551
25.310208,4.597431
25.370617,5.394699
12.595208,1.292145
10.304087,0.031766
73.615307,1.262786
73.190159,3.156686
10.284200,0.466523
11.114297,0.546283
11.983657,1.755430
66.029471,6.785638
60.528629,3.282259
58.598080,4.344554
54.771845,1.628475
53.714846,7.851609
52.740272,7.712127
40.326191,12.480164
24.273224,2.553446
30.217195,4.168663
30.922472,3.335361
30.928391,7.700932
34.645087,5.390694
43.667106,1.702631
41.445987,4.749302
41.390060,4.242724
39.389866,5.506420
45.210320,5.287055
36.170465,5.193723
22.263110,4.958743
30.947231,4.521404
38.088739,2.274259
30.681824,1.128894
26.755156,2.666387
27.325244,2.458289
29.771178,2.771831
17.672185,0.840653
23.201957,2.102508
39.037309,21.683811
15.884702,2.847843
39.909432,0.094057
35.562977,8.017468
32.892092,9.109168
33.213526,6.858847
31.201341,0.498384
38.947957,1.317431
30.359457,0.873920
25.672030,1.478875
39.417657,1.934461
32.869002,7.024454
37.611602,0.384729
38.270420,1.071555
35.945510,2.995545
34.255505,3.487084
28.814251,0.365633
33.432170,1.562605
22.264260,3.643836
39.945665,0.261382
38.278774,2.651260
32.206289,0.324088
45.802454,0.035844
36.414418,17.813534
15.495662,0.803115
28.544938,9.073794
