27.177693,1.632887
31.623595,3.835101
31.226521,4.157002
33.389774,4.215524
27.408011,3.749747
23.927672,4.496871
33.895834,0.359972
30.141695,3.482338
34.872911,2.909987
39.608421,5.321058
35.471048,6.116944
46.066287,17.194769
55.218117,35.166614
16.932409,1.119782
22.764376,5.785738
23.345352,1.839413
26.793053,7.346782
20.541291,3.211047
26.465522,4.975091
26.546767,5.841689
13.258009,1.404110
10.816592,0.034521
59.943193,0.971117
59.314419,2.422777
10.750922,0.506982
11.559332,0.597134
12.518409,1.907825
53.837706,5.221289
49.811073,2.535904
48.467361,3.364563
45.462513,1.263279
45.026985,6.121316
44.408762,6.027050
34.054752,9.768998
22.906112,2.234892
28.524556,3.650579
28.642386,2.837443
32.086963,8.245248
35.583789,5.661315
44.316369,1.740307
41.585313,4.724528
40.922652,4.077174
38.750539,5.231664
43.939215,4.892050
35.199720,4.819026
21.974713,4.746937
30.620237,4.352330
38.137074,2.251175
30.850815,1.128745
27.701451,2.844946
28.277428,2.620533
31.273837,3.009872
18.581933,0.913569
24.391843,2.284877
33.786191,17.235826
16.632978,3.085775
31.845254,0.071754
28.299693,6.110197
26.236831,6.948290
26.587682,5.238770
25.062809,0.381165
31.219096,1.006753
24.382504,0.668332
20.659552,1.131862
31.848450,1.482896
33.780440,7.386756
34.543606,0.323612
36.258752,0.944215
35.660793,2.901413
33.281649,3.224373
26.723810,0.311607
29.771026,1.270846
21.135284,3.221781
34.988481,0.209610
34.985626,2.216632
31.923246,0.313267
41.083348,0.029355
34.870484,16.002439
16.311442,0.872775
26.307896,7.666908
