23.578497,1.594616
27.760088,3.766283
27.690700,4.100132
29.733357,4.164837
24.521419,3.711370
21.586227,4.464416
29.692812,0.353179
26.260224,3.407830
30.066458,2.832468
33.732496,5.141978
30.295823,5.921696
39.738735,16.741680
47.909802,34.343979
13.602148,1.018658
18.274534,5.257272
19.712968,1.767294
20.744689,6.136634
15.487533,2.448859
19.958812,3.801522
20.017704,4.460769
10.035004,1.068457
8.402415,0.026267
53.427755,0.959784
53.024307,2.397240
8.552462,0.385767
9.449201,0.453400
9.999213,1.451678
47.945861,5.158667
44.100067,2.499563
42.770624,3.311805
40.027386,1.242246
39.388580,6.001924
38.732623,5.901223
29.644577,9.556085
18.460171,2.043516
22.982830,3.336787
23.389380,2.642010
24.269065,6.367244
27.062305,4.455393
33.957262,1.405512
32.106797,3.911777
31.915420,3.478259
30.326776,4.505086
34.681514,4.300941
27.757732,4.227823
17.158006,4.062582
23.868453,3.707762
29.486180,1.872193
23.784738,0.930290
20.973181,2.204509
21.414865,2.032430
23.593587,2.291988
14.291966,0.695123
18.782351,1.738537
28.927074,16.710192
12.541136,2.354831
28.737494,0.071243
25.579031,6.070171
23.681209,6.899361
23.947125,5.197953
22.527090,0.377912
28.096432,0.998626
21.917819,0.662653
18.548473,1.121741
28.524136,1.468300
25.681412,5.805907
28.378053,0.303426
29.139029,0.859508
27.746292,2.458893
26.275394,2.836226
21.802925,0.289822
24.993132,1.215734
16.961658,2.926040
29.711485,0.202174
28.839988,2.086003
24.853263,0.265944
34.315933,0.027967
27.812495,14.375532
12.445090,0.664083
21.559289,7.168850
