29.498200,1.639916
34.168873,3.845943
33.633583,4.164563
35.923760,4.221716
29.455452,3.753954
25.673777,4.499661
36.650843,0.361075
32.658854,3.495347
37.956071,2.925224
43.382736,5.360462
38.790029,6.158875
50.126313,17.283327
59.930495,35.317546
19.442078,1.150772
26.158261,5.948208
25.699340,1.856358
32.373559,7.829862
26.936251,4.008063
34.489127,6.093892
34.659325,7.194958
17.701178,1.856035
14.397578,0.046517
64.477752,0.972474
63.756915,2.425633
14.021721,0.683166
14.699933,0.804619
16.266485,2.570808
57.922368,5.228926
53.675100,2.540882
52.278164,3.372214
49.072641,1.266445
48.711480,6.141079
48.096640,6.048715
36.911000,9.806561
26.210024,2.292679
32.646825,3.745430
32.349301,2.893008
41.059938,9.621173
44.697702,6.356713
54.647839,1.898679
50.504869,5.061595
48.850994,4.298030
46.010824,5.491493
51.543917,5.090845
41.343520,5.019031
26.184231,4.996605
36.582071,4.591173
46.196984,2.405281
37.569753,1.212831
35.305040,3.288951
36.003737,3.022915
41.345282,3.855270
24.889632,1.230764
32.653035,3.078416
36.900098,17.346309
21.759901,3.823913
34.167471,0.071797
30.355566,6.113409
28.149131,6.952424
28.535852,5.242474
26.909478,0.381480
33.511373,1.007509
26.178545,0.668880
22.186626,1.132873
34.219800,1.484454
42.476785,8.309778
38.806584,0.329189
41.614672,0.970126
42.730966,3.068429
39.029888,3.354723
30.207674,0.317828
32.896466,1.284320
24.294385,3.312831
38.385998,0.211285
39.189413,2.252104
38.214836,0.331017
45.555427,0.029705
40.368095,16.518501
21.890272,1.173209
29.617906,7.806155
