36.210205,1.638348
41.998872,3.843784
41.374547,4.163235
44.203252,4.220695
36.252879,3.753314
31.608285,4.499307
45.040477,0.360851
40.110894,3.492552
46.551615,2.921650
53.093425,5.350411
47.498921,6.148372
61.482987,17.262642
73.567916,35.283904
23.321021,1.140766
31.365755,5.895659
31.393977,1.851819
37.811862,7.662286
29.821063,3.655172
38.371557,5.619749
38.505452,6.614276
19.261415,1.623461
15.373456,0.039992
79.342223,0.972254
78.467092,2.425192
14.901832,0.587335
15.544880,0.691757
17.274922,2.210199
71.272283,5.227668
66.021432,2.539988
64.287390,3.370781
60.334102,1.265836
59.853309,6.136997
59.078728,6.044107
45.328803,9.798427
31.491259,2.274173
39.220526,3.715037
39.101124,2.875884
46.287813,9.090537
51.008845,6.102668
63.078034,1.842527
58.817648,4.944072
57.441187,4.222352
54.258355,5.402983
61.171511,5.024152
49.034113,4.951815
30.819119,4.911222
42.995949,4.509262
53.880324,2.351688
43.685380,1.183433
39.909686,3.120230
40.726377,2.870515
45.454155,3.455775
26.668957,1.058360
34.969063,2.647009
45.204672,17.319073
24.136066,3.502671
42.065656,0.071792
37.374207,6.113023
34.656310,6.951907
35.130193,5.241985
33.125645,0.381436
41.254439,1.007407
32.225982,0.668804
27.310655,1.132729
42.118675,1.484221
48.442132,7.971820
47.016398,0.327505
49.927805,0.961768
50.141138,3.010974
46.327359,3.311011
36.498861,0.315905
40.128322,1.280602
29.126158,3.283361
46.950426,0.210850
47.539442,2.241523
44.866061,0.324917
55.493840,0.029606
48.229457,16.349039
23.575590,1.011007
35.850270,7.763742
