26.691033,1.745694
31.253410,4.110276
31.021882,4.463774
33.240014,4.529919
27.347123,4.032540
23.966578,4.842193
33.462355,0.385640
29.669573,3.726375
34.130899,3.106476
38.497316,5.662086
34.532775,6.514179
45.099769,18.358226
54.232024,37.596860
15.877478,1.159663
21.336505,5.988628
22.578195,1.952297
24.493231,7.269620
18.326386,2.961339
23.635309,4.596624
23.700299,5.393962
11.817538,1.292144
9.728978,0.031766
59.701015,1.043704
59.159616,2.605151
9.760455,0.466519
10.608503,0.549292
11.383439,1.755562
53.598299,5.610769
49.444674,2.722260
48.030971,3.609642
45.000145,1.354710
44.418234,6.555910
43.739010,6.450937
33.506222,10.451700
21.524038,2.319992
26.799487,3.788963
27.142215,2.969874
28.769187,7.691999
32.072188,5.367387
40.192300,1.683258
37.935906,4.648715
37.607505,4.085733
35.699374,5.270300
40.719527,4.982807
32.599771,4.903117
20.211335,4.765557
28.129453,4.357933
34.827039,2.221398
28.112930,1.107282
24.863208,2.662106
25.386851,2.454033
27.876594,2.771789
16.649873,0.840653
21.865315,2.102508
32.938031,18.367121
14.844673,2.847551
31.901236,0.077267
28.369654,6.581214
26.285340,7.482403
26.611462,5.639716
25.061483,0.410209
31.235803,1.083676
24.382346,0.719269
20.647691,1.217897
31.793573,1.595000
30.436973,6.995945
32.857675,0.339771
34.008623,0.978142
32.716576,2.896349
30.847702,3.285053
25.309656,0.325988
28.694034,1.346244
19.805699,3.333981
33.950039,0.222857
33.349073,2.331117
29.300354,0.313036
39.477564,0.031040
32.543982,16.474276
14.572610,0.803115
24.985569,8.039824
