30.263559,1.639669
35.063454,3.845632
34.518607,4.164390
36.870450,4.221589
30.232698,3.753879
26.352272,4.499625
37.609130,0.361042
33.509336,3.494920
38.934536,2.924639
44.482431,5.358701
39.777716,6.157063
51.419310,17.279955
61.485582,35.312263
19.841787,1.148620
26.693584,5.936887
26.340755,1.855530
32.803975,7.791281
26.868631,3.918183
34.453862,5.975897
34.608839,7.049565
17.564841,1.788551
14.219603,0.044449
66.177399,0.972447
65.438940,2.425581
13.855323,0.652788
14.540097,0.768841
16.075762,2.456497
59.448820,5.228770
55.086565,2.540764
53.650844,3.372017
50.359632,1.266360
49.983895,6.140476
49.350238,6.048018
37.871552,9.805312
26.760025,2.288729
33.330932,3.738940
33.076844,2.889480
41.180447,9.493869
44.991335,6.296758
55.189001,1.885574
51.134549,5.034434
49.592651,4.280790
46.746349,5.471440
52.457792,5.075957
42.069286,5.004001
26.588990,4.977189
37.132977,4.572499
46.792421,2.392918
38.021429,1.206024
35.437623,3.248658
36.146027,2.986557
41.154176,3.748869
24.593599,1.176218
32.261372,2.941848
37.842977,17.341670
21.717733,3.742882
35.070467,0.071797
31.157975,6.113372
28.893091,6.952372
29.289811,5.242423
27.620225,0.381475
34.396685,1.007498
26.869999,0.668872
22.772510,1.132857
35.122984,1.484427
42.747493,8.229964
39.701549,0.328848
42.472482,0.968330
43.354980,3.055293
39.723556,3.344970
30.884269,0.317430
33.707178,1.283624
24.790555,3.306477
39.354283,0.211208
40.104918,2.249987
38.778681,0.329624
46.664062,0.029686
41.155992,16.481456
21.657002,1.122609
30.294257,7.797510
