27.866672,1.627605
32.505845,3.826101
32.161154,4.150028
34.415535,4.209515
28.273168,3.745396
24.715983,4.493561
34.826653,0.359074
30.933944,3.472230
35.707268,2.899046
40.439627,5.294886
36.240373,6.088615
47.174277,17.130938
56.619066,35.053112
17.013998,1.103432
22.869247,5.700173
23.785231,1.828671
26.590454,7.115195
20.099968,2.997486
25.917790,4.650312
25.990945,5.457946
12.949278,1.308571
10.576236,0.032170
61.794758,0.969784
61.178224,2.419858
10.531997,0.472454
11.349165,0.556451
12.267545,1.777880
55.492425,5.213869
51.286478,2.531395
49.871698,3.357873
46.758784,1.260575
46.250095,6.105420
45.586667,6.010063
34.943597,9.740010
23.039012,2.204149
28.688061,3.600149
28.920637,2.806726
31.506706,7.755899
35.048658,5.374831
43.799407,1.668775
41.226277,4.564896
40.721432,3.968703
38.607385,5.102843
43.903920,4.791451
35.160625,4.718029
21.875735,4.623915
30.464130,4.235197
37.828390,2.177726
30.567277,1.089205
27.218032,2.681036
27.788381,2.470703
30.573035,2.806635
18.155560,0.851348
23.834095,2.129259
34.538848,17.160060
16.280455,2.881826
32.895874,0.071702
29.240305,6.106241
27.103249,6.943339
27.456820,5.234506
25.873673,0.380815
32.235672,1.005895
25.171763,0.667723
21.324091,1.130759
32.859603,1.481259
33.266327,7.009032
34.938574,0.320467
36.437922,0.930532
35.455383,2.819960
33.257425,3.158374
26.976403,0.308179
30.287240,1.262545
21.230690,3.173866
35.697534,0.208516
35.419477,2.196380
31.746310,0.304593
41.740829,0.029144
34.960590,15.734916
15.929883,0.813333
26.590300,7.589033
