27.873092,1.594616
32.830129,3.766283
32.759062,4.100132
35.180243,4.164837
29.017686,3.711370
25.550499,4.464416
35.113313,0.353179
31.048070,3.407830
35.534306,2.832468
39.847004,5.141978
35.791748,5.921696
46.966569,16.741680
56.636300,34.343979
16.014808,1.018658
21.514828,5.257272
23.277399,1.767294
24.332448,6.136634
17.991451,2.448859
23.212771,3.801522
23.273551,4.460769
11.595772,1.068457
9.561998,0.026267
63.217030,0.959784
62.745346,2.397240
9.608403,0.385767
10.463241,0.453400
11.209213,1.451678
56.729253,5.158667
52.169222,2.499563
50.591128,3.311805
47.342689,1.242246
46.576790,6.001924
45.796292,5.901223
35.048404,9.556085
21.739695,2.043516
27.065369,3.336787
27.569096,2.642010
28.302783,6.367244
31.629035,4.455393
39.760050,1.405512
37.643661,3.911777
37.471065,3.478259
35.620421,4.505086
40.771669,4.300941
32.629100,4.227823
20.147592,4.062582
28.021586,3.707762
34.578584,1.872193
27.880060,0.930290
24.471648,2.204509
24.990029,2.032430
27.356908,2.291988
16.353121,0.695123
21.477293,1.738537
34.178153,16.710192
14.575439,2.354831
34.015367,0.071243
30.278199,6.070171
28.030616,6.899361
28.343660,5.197953
26.661323,0.377912
33.253999,0.998626
25.940312,0.662653
21.951817,1.121741
33.755406,1.468300
30.011763,5.805907
33.461446,0.303426
34.308552,0.859508
32.566632,2.458893
30.890096,2.836226
25.697675,0.289822
29.504225,1.215734
19.968705,2.926040
35.092700,0.202174
34.012890,2.086003
29.173241,0.265944
40.499620,0.027967
32.727127,14.375532
14.305204,0.664083
25.417505,7.168850
