25.930033,1.634893
30.138510,3.838399
29.735150,4.159456
31.785128,4.217596
26.082336,3.751208
22.758790,4.497916
32.310042,0.360304
28.746144,3.486132
33.293307,2.914207
37.865996,5.331407
33.899383,6.128087
43.977141,17.219356
52.682718,35.209707
16.323496,1.126664
21.948332,5.821771
22.341349,1.843721
26.019262,7.447698
20.150650,3.328455
25.943062,5.150347
26.028415,6.049985
13.035483,1.458294
10.659716,0.035858
57.058704,0.971574
56.448570,2.423762
10.608137,0.526616
11.422228,0.620254
12.354793,1.981703
51.250082,5.223845
47.438052,2.537502
46.170520,3.366967
43.316361,1.264260
42.925891,6.127209
42.348221,6.033406
32.480638,9.779904
22.070320,2.247806
27.484822,3.671767
27.538677,2.850227
31.385695,8.492244
34.728005,5.796647
43.150753,1.772500
40.411745,4.794537
39.675693,4.123889
37.541879,5.286921
42.495552,4.934881
34.049352,4.862056
21.299755,4.799844
29.690493,4.402810
37.048113,2.283278
29.990866,1.146153
27.082914,2.926416
27.642768,2.694730
30.709171,3.123701
18.302193,0.948947
24.026348,2.373360
32.280298,17.265488
16.312106,3.197157
30.289103,0.071770
26.914478,6.111426
24.954464,6.949848
25.291169,5.240136
23.843564,0.381279
29.698099,1.007030
23.196213,0.668530
19.655867,1.132224
30.305903,1.483441
32.972252,7.565788
33.182270,0.324915
34.952444,0.949974
34.592064,2.936607
32.186727,3.252467
25.697639,0.313035
28.511698,1.274202
20.378696,3.241963
33.460765,0.210045
33.589880,2.224992
30.962380,0.317011
39.371719,0.029441
33.658841,16.115551
16.056191,0.906570
25.280441,7.699226
