32.892140,1.638144
38.155426,3.843482
37.591625,4.163035
40.162937,4.220536
32.940244,3.753210
28.721257,4.499244
40.917814,0.360820
36.437248,3.492179
42.282441,2.921200
48.215284,5.349215
43.136811,6.147106
55.844903,17.260028
66.826711,35.279521
21.150056,1.139775
28.445336,5.890467
28.505282,1.851297
34.251345,7.646728
27.000559,3.627138
34.738041,5.580665
34.860324,6.566882
17.457928,1.608013
14.013069,0.039598
72.090545,0.972219
71.296752,2.425121
13.662704,0.581548
14.355113,0.684943
15.855010,2.188422
64.757810,5.227472
59.984249,2.539856
58.407151,3.370573
54.814323,1.265749
54.373985,6.136439
53.668550,6.043489
41.176860,9.797348
28.562351,2.272329
35.572511,3.712009
35.477056,2.874120
41.900046,9.043985
46.178451,6.079762
57.118043,1.837388
53.273950,4.933202
52.045222,4.215255
49.167150,5.394639
55.447141,5.017777
44.444224,4.945401
27.925106,4.903201
38.956282,4.501586
48.804359,2.346722
39.565972,1.180719
36.126838,3.105309
36.866249,2.857015
41.166723,3.426079
24.253774,1.047935
31.810455,2.620933
41.054825,17.315754
21.852073,3.476759
38.223523,0.071791
33.960790,6.112952
31.490947,6.951814
31.921258,5.241900
30.099519,0.381429
37.485954,1.007390
29.282057,0.668791
24.815605,1.132705
38.270282,1.484183
43.854364,7.941379
42.665102,0.327328
45.280526,0.960941
45.427291,3.005604
41.992397,3.306831
33.115213,0.315707
36.431902,1.280184
26.414034,3.280451
42.634600,0.210799
43.143290,2.240404
40.648970,0.324346
50.376865,0.029595
43.730480,16.332521
21.403331,1.001068
32.530416,7.759330
