32.996595,1.639722
38.228347,3.845700
37.633392,4.164428
40.197152,4.221618
32.960275,3.753896
28.729525,4.499633
41.004060,0.361049
36.534873,3.495012
42.451863,2.924762
48.504476,5.359065
43.373545,6.157438
56.064351,17.280665
67.038184,35.313387
21.651203,1.149037
29.128199,5.939081
28.724287,1.855699
35.826411,7.798586
29.366362,3.934776
37.658333,5.997799
37.827406,7.076514
19.185708,1.800512
15.461100,0.044800
72.148268,0.972453
71.342881,2.425593
14.987127,0.657947
15.626827,0.774920
17.372700,2.475911
64.812688,5.228805
60.057495,2.540790
58.492648,3.372061
54.904731,1.266379
54.496127,6.140606
53.805822,6.048167
41.291083,9.805580
29.198640,2.289497
36.368495,3.740201
36.083462,2.890174
45.008555,9.517684
49.164750,6.308016
60.293214,1.888043
55.850558,5.039569
54.150978,4.284067
51.038409,5.475259
57.262384,5.078808
45.923383,5.006877
29.032028,4.980882
40.546620,4.576047
51.105816,2.395257
41.529857,1.207310
38.730674,3.256204
39.504575,2.993366
44.973515,3.768280
26.792878,1.185496
35.138728,2.965070
41.263287,17.342635
23.737136,3.757876
38.234187,0.071797
33.968710,6.113381
31.499543,6.952384
31.932102,5.242435
30.111954,0.381476
37.499701,1.007501
29.294044,0.668874
24.826934,1.132861
38.291711,1.484433
46.713353,8.244948
43.306721,0.328915
46.345301,0.968679
47.342988,3.057787
43.361595,3.346837
33.692034,0.317508
36.759133,1.283765
27.051754,3.307708
42.913525,0.211223
43.744777,2.250407
42.345038,0.329888
50.891645,0.029690
44.915299,16.488600
23.626833,1.131287
33.046283,7.799216
