27.228461,1.630084
31.725898,3.830370
31.361167,4.153376
33.547587,4.212417
27.549615,3.747514
24.068274,4.495201
33.997575,0.359499
30.213151,3.476991
34.911154,2.904158
39.588344,5.307022
35.466721,6.101772
46.119965,17.160771
55.321871,35.106387
16.771138,1.110875
22.544834,5.739118
23.306019,1.833631
26.349185,7.219163
20.039570,3.085499
25.830265,4.784908
25.906099,5.616696
12.923176,1.347621
10.560373,0.033130
60.231765,0.970429
59.616453,2.421277
10.517565,0.486559
11.335287,0.573074
12.251007,1.830970
54.092572,5.217453
50.017698,2.533555
48.651883,3.361065
45.624453,1.261862
45.154979,6.112935
44.519767,6.018072
34.132122,9.753653
22.700673,2.218152
28.267601,3.623119
28.448601,2.820757
31.363198,7.963226
34.842453,5.499230
43.478317,1.700450
40.870920,4.636363
40.306490,4.017647
38.194108,5.161069
43.380619,4.837060
34.746074,4.763806
21.649021,4.679460
30.156032,4.288034
37.493675,2.210656
30.311014,1.106878
27.086473,2.750863
27.652158,2.534618
30.495267,2.889964
18.127120,0.876768
23.796989,2.192834
33.792927,17.195299
16.229277,2.966043
32.033125,0.071728
28.470183,6.108211
26.392036,6.945795
26.740440,5.236610
25.202487,0.380987
31.396436,1.006317
24.518598,0.668022
20.772701,1.131299
32.016016,1.482057
33.073205,7.172838
34.343189,0.321906
35.915929,0.936761
35.106701,2.856662
32.859970,3.188298
26.539064,0.309744
29.696164,1.266369
20.930345,3.195673
34.956923,0.209022
34.801565,2.205653
31.431192,0.308503
40.949634,0.029241
34.494253,15.856516
15.903227,0.837617
26.144956,7.624635
