19.916486,1.467110
23.171202,3.444894
22.876439,3.733364
24.459362,3.785669
20.075702,3.367154
17.523661,4.037615
24.836863,0.323360
22.087603,3.128506
25.556935,2.614942
29.027776,4.783135
25.995824,5.498109
33.759998,15.451172
40.465170,31.596295
12.375758,1.009397
16.636995,5.215683
17.107912,1.653899
19.427694,6.655892
14.363270,2.951139
18.604840,4.568815
18.634162,5.366011
9.027632,1.291945
6.728659,0.031766
43.910069,0.872080
43.447044,2.175602
6.127344,0.466517
5.883264,0.549472
7.021296,1.755545
39.438243,4.688870
36.492450,2.277533
35.509999,3.021935
33.309710,1.134682
32.993746,5.498875
32.541977,5.414528
24.955299,8.776551
16.747648,2.014092
20.855046,3.289969
20.964548,2.554950
22.818630,7.547822
25.514003,5.162825
31.969848,1.581562
30.118687,4.283275
29.745570,3.688217
28.193717,4.729771
32.030184,4.417451
25.654697,4.352013
15.978167,4.293201
22.253678,3.937489
27.637740,2.040177
22.329650,1.023730
19.739738,2.602180
20.159624,2.396434
21.673212,2.768245
11.958645,0.840653
15.636305,2.102508
24.761062,15.491080
11.655290,2.835232
23.322049,0.064425
20.724814,5.486058
19.214616,6.238640
19.472342,4.703836
18.356276,0.342253
22.864650,0.903962
17.857978,0.600103
15.131608,1.016328
23.327748,1.331574
24.211346,6.737761
25.292893,0.291300
26.502407,0.851111
25.902226,2.625786
24.262255,2.911481
19.559078,0.280598
21.814789,1.142902
15.445863,2.904417
25.641574,0.188436
25.620915,1.994972
23.191876,0.283474
30.100534,0.026404
25.463577,14.433813
10.786259,0.803113
19.260063,6.902265
