28.124479,1.639769
32.582032,3.845760
32.074012,4.164462
34.258745,4.221643
28.090773,3.753911
24.484850,4.499641
34.948043,0.361056
31.139651,3.495094
36.184981,2.924874
41.348096,5.359397
36.973234,6.157781
47.787779,17.281308
57.139626,35.314400
18.477910,1.149429
24.859634,5.941141
24.488464,1.855854
30.635966,7.805511
25.265023,3.950687
32.374188,6.018745
32.526560,7.102308
16.563714,1.812188
13.482897,0.045149
61.489558,0.972459
60.802862,2.425603
13.185235,0.663069
13.896714,0.780950
15.307920,2.495183
55.237770,5.228836
51.185717,2.540813
49.852463,3.372099
46.794853,1.266395
46.447682,6.140723
45.859911,6.048302
35.193636,9.805820
24.916511,2.290217
31.035099,3.741384
30.780274,2.890821
38.624865,9.540378
42.133332,6.318726
51.611974,1.890389
47.770838,5.044441
46.280530,4.287168
43.610552,5.478871
48.905545,5.081497
39.223190,5.009592
24.810509,4.984376
34.654666,4.579406
43.706988,2.397476
35.526655,1.208531
33.226480,3.263390
33.887782,2.999852
38.739814,3.786994
23.281027,1.194698
30.545840,2.988103
35.173658,17.343514
20.415813,3.772238
32.585227,0.071797
28.949926,6.113388
26.845598,6.952395
27.214294,5.242445
25.663115,0.381477
31.959332,1.007503
24.966043,0.668875
21.158947,1.132864
32.634505,1.484438
40.035335,8.259205
36.936862,0.328978
39.552196,0.969006
40.468680,3.060148
37.033008,3.348600
28.740954,0.317581
31.340712,1.283895
23.087721,3.308864
36.583064,0.211238
37.307835,2.250798
36.194881,0.330139
43.393136,0.029693
38.342455,16.495321
20.468477,1.139867
28.187126,7.800805
