31.052298,1.639812
35.972673,3.845814
35.411096,4.164492
37.822917,4.221665
31.013088,3.753924
27.031871,4.499647
38.585098,0.361062
34.380886,3.495168
39.952860,2.924975
45.656333,5.359700
40.824996,6.158094
52.763720,17.281890
63.087964,35.315313
20.415446,1.149797
27.466635,5.943076
27.041459,1.855996
33.872884,7.812081
27.944119,3.965943
35.810636,6.038786
35.978327,7.126996
18.303751,1.823577
14.817321,0.045495
67.886661,0.972463
67.128306,2.425612
14.401905,0.668148
15.064935,0.786933
16.702109,2.514303
60.984527,5.228863
56.511389,2.540834
55.039734,3.372133
51.664207,1.266410
51.281692,6.140827
50.633168,6.048422
38.856938,9.806035
27.527824,2.290893
34.287773,3.742494
33.999993,2.891425
42.728115,9.562016
46.605063,6.328922
57.079542,1.892618
52.821733,5.049065
51.161927,4.290106
48.206687,5.482289
54.050322,5.084037
43.350184,5.012155
27.426672,4.987685
38.310268,4.582588
48.326572,2.399580
39.284314,1.209689
36.755902,3.270239
37.487327,3.006033
42.837784,3.805029
25.644367,1.203824
33.637956,3.010949
38.837462,17.344314
22.581674,3.785995
35.974879,0.071797
31.961394,6.113395
29.638187,6.952404
30.045272,5.242454
28.332769,0.381478
35.283931,1.007505
27.563182,0.668877
23.360066,1.132867
36.029474,1.484443
44.284751,8.272777
40.797685,0.329037
43.699244,0.969313
44.739433,3.062386
40.928635,3.350263
31.747712,0.317649
34.609530,1.284014
25.509025,3.309950
40.395496,0.211251
41.205882,2.251161
40.014066,0.330376
47.920970,0.029697
42.367901,16.501648
22.584481,1.148352
31.134263,7.802286
