30.918016,2.131817
36.791237,5.064801
37.055884,5.538930
39.956264,5.636352
33.112726,5.032394
29.418058,6.073710
39.277051,0.474476
34.564201,4.565867
39.209786,3.773649
43.527370,6.798855
39.189014,7.844514
51.848112,22.311604
62.828210,45.916132
16.681747,1.277665
22.397540,6.589259
25.252808,2.322837
24.444066,7.463308
16.898572,2.961551
21.966728,4.597432
21.977471,5.394700
10.528191,1.292145
7.821464,0.031766
71.864041,1.299388
71.540569,3.249434
7.122463,0.466502
6.843421,0.545242
8.161708,1.755200
64.435715,6.981551
58.922402,3.374350
56.966697,4.464412
53.197530,1.672853
52.035619,8.057785
51.031178,7.910956
38.989435,12.797929
22.707439,2.571793
28.264661,4.198376
29.114373,3.371080
27.263360,7.700964
30.922568,5.390871
39.391006,1.702895
37.685322,4.751391
37.953526,4.247749
36.211696,5.515000
41.799968,5.301587
33.422428,5.207228
20.432467,4.965202
28.366786,4.526536
34.677787,2.275436
27.859547,1.129313
23.653818,2.666405
24.174516,2.458308
25.390957,2.771831
13.902627,0.840653
18.177561,2.102508
37.496736,22.170166
13.730582,2.847843
39.177349,0.096936
34.937717,8.264558
32.291872,9.388245
32.574821,7.067102
30.572140,0.513383
38.184993,1.357298
29.748601,0.900231
25.141489,1.523165
38.560814,1.991776
29.318440,7.024663
35.509956,0.389486
35.749630,1.078501
32.901172,2.998442
31.676040,3.496799
27.117933,0.369457
31.859366,1.590829
20.782586,3.666231
38.243915,0.266795
36.195347,2.686540
29.492611,0.324419
43.555992,0.036446
33.877036,17.897892
12.546651,0.803115
26.919876,9.179837
