35.722635,1.639669
41.388777,3.845632
40.745857,4.164390
43.522042,4.221589
35.686854,3.753879
31.106419,4.499625
44.393620,0.361042
39.554067,3.494920
45.957368,2.924639
52.504853,5.358701
46.951912,6.157063
60.694133,17.279955
72.576633,35.312263
23.412648,1.148620
31.497295,5.936887
31.090675,1.855530
38.678223,7.791281
31.569868,3.918183
40.503438,5.975897
40.679715,7.049565
20.583657,1.788551
16.507669,0.044449
78.116115,0.972447
77.244496,2.425581
15.940021,0.652788
16.541758,0.768841
18.464615,2.456497
70.173652,5.228770
65.024287,2.540764
63.329462,3.372017
59.444440,1.266360
59.000666,6.140476
58.252559,6.048018
44.703146,9.805312
31.577028,2.288729
39.330654,3.738940
39.035358,2.889480
48.465209,9.493869
52.991771,6.296758
65.040376,1.885574
60.284697,5.034434
58.486721,4.280790
55.134950,5.471440
61.882584,5.075957
49.626767,5.004001
31.358516,4.977189
43.791876,4.572499
55.168678,2.392918
44.822351,1.206024
41.714571,3.248658
42.550363,2.986557
48.312347,3.748869
28.652836,1.176218
37.570762,2.941848
44.668430,17.341670
25.523049,3.742882
41.397445,0.071797
36.779115,6.113372
34.105624,6.952372
34.573906,5.242423
32.603105,0.381475
40.602092,1.007498
31.717533,0.668872
26.880823,1.132857
41.459386,1.484427
50.347021,8.229964
46.855306,0.328848
50.116338,0.968330
51.126898,3.055293
46.860658,3.344970
36.447570,0.317430
39.784755,1.283624
29.251701,3.306477
46.451543,0.211208
47.332301,2.249987
45.731063,0.329624
55.076843,0.029686
48.558385,16.481456
25.303079,1.122609
35.752378,7.797510
