29.326647,2.131817
34.897571,5.064801
35.148596,5.538930
37.899691,5.636352
31.408395,5.032394
27.903893,6.073710
37.255438,0.474476
32.785161,4.565867
37.191635,3.773649
41.286991,6.798855
37.171932,7.844514
49.179459,22.311604
59.594406,45.916132
15.823128,1.277665
21.244725,6.589259
23.953031,2.322837
23.185915,7.463308
16.028793,2.961551
20.836087,4.597432
20.846278,5.394700
9.986299,1.292145
7.418889,0.031766
68.165156,1.299388
67.858334,3.249434
6.755865,0.466502
6.491186,0.545242
7.741620,1.755200
61.119171,6.981551
55.889631,3.374350
54.034588,4.464412
50.459422,1.672853
49.357315,8.057785
48.404573,7.910956
36.982626,12.797929
21.538674,2.571793
26.809862,4.198376
27.615839,3.371080
25.860099,7.700964
29.330965,5.390871
37.363527,1.702895
35.745637,4.751391
36.000036,4.247749
34.347859,5.515000
39.648499,5.301587
31.702156,5.207228
19.380795,4.965202
26.906731,4.526536
32.892901,2.275436
26.425600,1.129313
22.436342,2.666405
22.930240,2.458308
24.084069,2.771831
13.187050,0.840653
17.241951,2.102508
35.566757,22.170166
13.023860,2.847843
37.160868,0.096936
33.139452,8.264558
30.629790,9.388245
30.898176,7.067102
28.998574,0.513383
36.219589,1.357298
28.217423,0.900231
23.847441,1.523165
36.576067,1.991776
27.809402,7.024663
33.682238,0.389486
33.909576,1.078501
31.207730,2.998442
30.045655,3.496799
25.722157,0.369457
30.219546,1.590829
19.712894,3.666231
36.275478,0.266795
34.332351,2.686540
27.974609,0.324419
41.314140,0.036446
32.133365,17.897892
11.900868,0.803115
25.534295,9.179837
