26.027728,1.628916
30.341505,3.828367
30.004481,4.151813
32.101286,4.211066
26.366302,3.746531
23.040864,4.494445
32.511334,0.359300
28.885884,3.474751
33.362729,2.901745
37.811985,5.301278
33.879657,6.095549
44.075431,17.146693
52.882463,35.081289
15.974288,1.107328
21.472938,5.720556
22.251626,1.831280
25.053044,7.169300
19.044130,3.041918
24.543717,4.718368
24.616657,5.538176
12.293952,1.328242
10.090382,0.032654
57.636963,0.970129
57.054180,2.420618
10.089573,0.479559
10.924351,0.564826
11.760572,1.804625
51.760685,5.215784
47.851031,2.532546
46.538555,3.359571
43.638737,1.261259
43.178530,6.109404
42.565944,6.014305
32.631559,9.747233
21.625483,2.211480
26.928438,3.612174
27.118545,2.814079
29.796489,7.861461
33.105054,5.438714
41.321172,1.685166
38.855539,4.602043
38.336597,3.994228
36.333418,5.133232
41.284097,4.815285
33.065373,4.741949
20.592101,4.652891
28.681537,4.262750
35.647067,2.194853
28.814534,1.098385
25.733479,2.716654
26.270969,2.503319
28.989151,2.848642
17.291875,0.864151
22.704861,2.161282
32.284248,17.178639
15.422176,2.924364
30.666001,0.071716
27.256483,6.107305
25.265827,6.944664
25.597638,5.235639
24.123780,0.380908
30.053883,1.006122
23.469241,0.667884
19.882851,1.131049
30.641977,1.481687
31.423705,7.093112
32.747023,0.321221
34.210117,0.933792
33.387268,2.839090
31.272239,3.174013
25.297176,0.308999
28.345058,1.264554
19.934918,3.185279
33.384005,0.208782
33.189563,2.201243
29.892615,0.306632
39.077287,0.029195
32.843855,15.798529
15.150132,0.825564
24.926870,7.607696
