23.041673,1.594616
27.126333,3.766283
27.057155,4.100132
29.052497,4.164837
23.959386,3.711370
21.090693,4.464416
29.015249,0.353179
25.661743,3.407830
29.382977,2.832468
32.968183,5.141978
29.608832,5.921696
38.835255,16.741680
46.818990,34.343979
13.300566,1.018658
17.869497,5.257272
19.267414,1.767294
20.296220,6.136634
15.174543,2.448859
19.552067,3.801522
19.610723,4.460769
9.839909,1.068457
8.257467,0.026267
52.204095,0.959784
51.809177,2.397240
8.420469,0.385767
9.322447,0.453400
9.847963,1.451678
46.847937,5.158667
43.091423,2.499563
41.793061,3.311805
39.112974,1.242246
38.490054,6.001924
37.849665,5.901223
28.969098,9.556085
18.050231,2.043516
22.472512,3.336787
22.866915,2.642010
23.764850,6.367244
26.491464,4.455393
33.231913,1.405512
31.414689,3.911777
31.220965,3.478259
29.665070,4.505086
33.920245,4.300941
27.148811,4.227823
16.784308,4.062582
23.349311,3.707762
28.849629,1.872193
23.272823,0.930290
20.535873,2.204509
20.967969,2.032430
23.123172,2.291988
14.034321,0.695123
18.445483,1.738537
28.270690,16.710192
12.286849,2.354831
28.077760,0.071243
24.991635,6.070171
23.137533,6.899361
23.397558,5.197953
22.010311,0.377912
27.451736,0.998626
21.415007,0.662653
18.123054,1.121741
27.870227,1.468300
25.140118,5.805907
27.742629,0.303426
28.492838,0.859508
27.143750,2.458893
25.698556,2.836226
21.316081,0.289822
24.429245,1.215734
16.585777,2.926040
29.038833,0.202174
28.193376,2.086003
24.313266,0.265944
33.542972,0.027967
27.198166,14.375532
12.212576,0.664083
21.077012,7.168850
