30.493850,1.937211
35.934694,4.576310
35.872356,4.982689
38.530613,5.061612
31.787709,4.510786
28.000058,5.426620
38.430416,0.429125
33.973339,4.140273
38.865250,3.440628
43.559667,6.244493
39.131332,7.191829
51.370334,20.336498
61.961742,41.722658
17.459441,1.234674
23.454732,6.371921
25.436933,2.145810
26.463971,7.425059
19.470372,2.961545
25.135104,4.597401
25.196871,5.394674
12.517259,1.292145
10.246577,0.031766
69.240222,1.166459
68.732533,2.913566
10.231795,0.466528
11.061967,0.548237
11.923558,1.755596
62.132044,6.269441
57.123251,3.037529
55.387593,4.024398
51.826152,1.509487
50.973833,7.292388
50.113410,7.169698
38.349231,11.609812
23.704781,2.477232
29.511497,4.044943
30.081057,3.204539
30.687757,7.700363
34.332345,5.388467
43.200286,1.700081
40.931275,4.732612
40.776657,4.209782
38.772402,5.453431
44.404414,5.208468
35.534277,5.119687
21.926817,4.917254
30.492428,4.487454
37.603161,2.265157
30.311020,1.125447
26.540621,2.666085
27.104483,2.457983
29.579198,2.771830
17.569957,0.840653
23.068295,2.102508
37.371017,20.295332
15.777076,2.847834
37.276973,0.086598
33.183952,7.378638
30.718656,8.386415
31.058685,6.318122
29.212448,0.459341
36.438071,1.213819
28.422576,0.805436
24.051086,1.363422
36.979414,1.784591
32.574952,7.021789
36.520755,0.368113
37.404191,1.041794
35.433325,2.975729
33.642874,3.434727
28.037888,0.351517
32.233314,1.475902
21.768849,3.546369
38.357649,0.245507
37.128575,2.531022
31.742684,0.321851
44.235919,0.033947
35.665262,17.417975
15.403358,0.803115
27.738146,8.696396
