22.969440,1.875493
27.063292,4.425017
27.005547,4.813314
28.999789,4.887707
23.917025,4.354013
21.051666,5.234306
28.944389,0.415025
25.589773,4.006517
29.274031,3.333434
32.798911,6.059652
29.467774,6.976167
38.693362,19.701610
46.672572,40.393002
13.048680,1.213794
17.526458,6.265566
19.144603,2.084961
19.495404,7.393346
13.655831,2.961530
17.743904,4.597336
17.754983,5.394616
8.514439,1.292145
6.326184,0.031766
52.110112,1.126291
51.717398,2.812504
5.760753,0.466524
5.531848,0.548734
6.601227,1.755590
46.763005,6.053996
43.007155,2.934708
41.706367,3.889361
39.027942,1.459157
38.392762,7.053785
37.746500,6.937260
28.886053,11.235758
17.729531,2.432844
22.071410,3.972751
22.556176,3.135218
21.984105,7.699402
24.870520,5.385444
31.572288,1.697191
30.097144,4.716186
30.161346,4.182066
28.726420,5.410968
33.013177,5.152010
26.409551,5.065897
16.227958,4.882922
22.548610,4.458682
27.676305,2.256407
22.265215,1.121969
19.064167,2.665603
19.481397,2.457497
20.527396,2.771828
11.244763,0.840653
14.702431,2.102508
28.144371,19.680324
11.094091,2.847812
28.025603,0.083527
24.944098,7.116005
23.094435,8.088869
23.355053,6.095048
21.970992,0.443201
27.402229,1.171041
21.376726,0.777128
18.090871,1.315640
27.820996,1.722411
23.584307,7.018117
27.410405,0.359609
27.957491,1.024044
26.177111,2.958471
25.014399,3.397212
21.020918,0.343995
24.249869,1.435434
16.265486,3.487518
28.878179,0.238340
27.879794,2.470569
23.458097,0.319921
33.265454,0.033047
26.605238,17.164726
10.147923,0.803115
20.811099,8.500585
