25.341410,1.638697
29.383016,3.844292
28.940168,4.163565
30.916624,4.220956
25.354312,3.753483
22.104058,4.499407
31.512571,0.360903
28.067714,3.493186
32.585635,2.922425
37.183460,5.352495
33.261149,6.150571
43.036594,17.267140
51.485745,35.291398
16.405543,1.142550
22.066508,5.905019
21.995731,1.852734
26.761175,7.690615
21.442803,3.708199
27.539006,5.693059
27.649900,6.703379
13.966921,1.653618
11.415441,0.040769
55.492751,0.972310
54.878402,2.425308
11.297461,0.598742
12.084092,0.705187
13.144690,2.253115
49.849178,5.227990
46.181217,2.540209
44.971143,3.371127
42.207735,1.265981
41.877866,6.137941
41.339223,6.045158
31.719730,9.800265
22.144975,2.277493
27.580974,3.720487
27.460166,2.879041
33.073373,9.176473
36.316337,6.144643
44.773550,1.851911
41.657094,4.963878
40.589587,4.235254
38.314902,5.418139
43.134226,5.035706
34.580748,4.963444
21.772671,4.925800
30.385270,4.523218
38.146643,2.360734
30.951538,1.188379
28.492115,3.147712
29.069389,2.895370
32.781562,3.512712
19.635724,1.078910
25.772521,2.698409
31.651336,17.324827
17.342102,3.551517
29.416951,0.071793
26.135836,6.113134
24.235478,6.952054
24.567326,5.242121
23.165972,0.381448
28.850364,1.007436
22.536781,0.668825
19.099566,1.132768
29.456310,1.484283
34.495306,8.027615
33.001912,0.327819
35.120887,0.963260
35.448259,3.020741
32.665924,3.318586
25.634738,0.316259
28.124437,1.281338
20.491624,3.288607
32.885753,0.210939
33.359882,2.243518
31.714935,0.325955
38.905546,0.029625
33.957646,16.378882
17.235833,1.030578
25.169320,7.771624
