25.408858,2.156399
30.265688,5.128378
30.512970,5.612847
32.915726,5.713309
27.292454,5.102792
24.272703,6.162179
32.304610,0.480350
28.415089,4.620250
32.207537,3.814919
35.722536,6.864457
32.168476,7.922679
42.590616,22.556806
51.633476,46.445973
13.645738,1.280753
18.320706,6.604721
20.713036,2.342956
19.966232,7.464677
13.792571,2.961551
17.929476,4.597432
17.938149,5.394700
8.592879,1.292145
6.383695,0.031766
59.207054,1.317215
58.960213,3.294704
5.813208,0.466483
5.586140,0.544680
6.661442,1.755028
53.082199,7.076914
48.510687,3.418973
46.885600,4.522330
43.773993,1.694254
42.793053,8.156595
41.956383,8.005945
32.050835,12.949413
18.577538,2.578894
23.123795,4.209860
23.834586,3.385724
22.254366,7.700971
25.244689,5.390915
32.164735,1.702968
30.779038,4.752015
31.008675,4.249364
29.589314,5.517826
34.166787,5.306626
27.318085,5.211886
16.694372,4.967297
23.175725,4.528180
28.323959,2.275791
22.752917,1.129436
19.308457,2.666409
19.733624,2.458312
20.723733,2.771831
11.346997,0.840653
14.836098,2.102508
30.784651,22.396847
11.206927,2.847843
32.326366,0.098350
28.834679,8.386021
26.645712,9.525315
26.871444,7.169252
25.212627,0.520730
31.496088,1.376843
24.533775,0.913121
20.731074,1.544846
31.786860,2.019786
23.934881,7.024715
29.079456,0.391482
29.243878,1.081153
26.878581,2.999360
25.891846,3.500171
22.199169,0.371019
26.122362,1.603475
16.999476,3.674722
31.380282,0.269282
29.646207,2.701523
24.094470,0.324524
35.701808,0.036712
27.702726,17.928881
10.240282,0.803115
22.042096,9.223917
