26.493503,1.622599
30.963214,3.817311
30.683842,4.142978
32.855801,4.203332
27.010873,3.740816
23.640969,4.489889
33.162787,0.358202
29.429944,3.462558
33.912614,2.888810
38.327594,5.270893
34.364446,6.062534
44.807366,17.071153
53.829886,34.945529
15.960021,1.089181
21.449880,5.625621
22.509996,1.818933
24.775060,6.923577
18.638961,2.859084
24.033539,4.437240
24.101209,5.207209
12.021427,1.247685
9.882477,0.030673
59.002361,0.968407
58.439751,2.416797
9.900236,0.450467
10.742623,0.530503
11.543612,1.695158
52.978106,5.206233
48.918456,2.526865
47.544687,3.351229
44.560916,1.257909
44.030526,6.090049
43.378034,5.993763
33.240105,9.712326
21.624378,2.177297
26.925447,3.556108
27.209308,2.779680
29.229410,7.417322
32.547610,5.162668
40.730372,1.612416
38.391511,4.434162
37.992324,3.877198
36.043125,4.993443
41.052146,4.705002
32.871197,4.631329
20.414049,4.519887
28.419781,4.136494
35.236516,2.117249
28.457825,1.057015
25.255192,2.565984
25.785610,2.365161
28.357189,2.676334
16.922635,0.811728
22.221978,2.030169
32.764498,17.090034
15.096791,2.749096
31.466382,0.071644
27.975943,6.101785
25.926216,6.937826
26.256565,5.229830
24.735279,0.380438
30.823040,1.004958
24.064602,0.667063
20.382544,1.129575
31.397429,1.479527
30.890389,6.730369
32.906345,0.317687
34.183153,0.918601
33.064790,2.751615
31.098489,3.101646
25.376010,0.305161
28.634552,1.255070
19.911935,3.132126
33.816375,0.207517
33.379619,2.178433
29.609114,0.297306
39.428356,0.028955
32.752244,15.502855
14.818317,0.775482
25.032702,7.520306
