35.613133,2.180062
42.346405,5.190164
42.635985,5.685156
45.970588,5.788771
38.097349,5.171994
33.854808,6.249493
45.212416,0.486050
39.800723,4.672792
45.188336,3.854405
50.231081,6.926315
45.209004,7.996660
59.750676,22.791537
72.368601,46.956040
19.488270,1.283303
26.171506,6.617456
29.175394,2.361691
29.052133,7.465658
21.094636,2.961551
27.252591,4.597432
27.313436,5.394700
13.524270,1.292145
10.994217,0.031766
82.680862,1.334705
82.309287,3.339186
10.912747,0.466458
11.721345,0.544103
12.704024,1.754810
74.134716,7.170430
67.797733,3.462583
65.553789,4.578819
61.221725,1.715096
59.903704,8.252373
58.758150,8.097802
44.898986,13.095666
26.500969,2.584813
32.988907,4.219429
33.854927,3.398409
33.348290,7.700975
37.407580,5.390943
47.219888,1.703018
44.881056,4.752455
44.903170,4.250564
42.760615,5.519949
49.157404,5.310545
39.321451,5.215497
24.157942,4.968856
33.570838,4.529398
41.256219,2.276043
33.215988,1.129522
28.857125,2.666412
29.474136,2.458315
32.012882,2.771831
18.898888,0.840653
24.805859,2.102508
43.244842,22.612039
17.098171,2.847843
45.086648,0.099745
40.211201,8.506002
37.162999,9.660626
37.484885,7.269993
35.177704,0.527969
43.939326,1.396111
34.230211,0.925822
28.928020,1.566195
44.366182,2.047334
35.487032,7.024747
41.233184,0.393238
41.758758,1.083345
38.979673,3.000033
37.247785,3.502798
31.540555,0.372370
36.840794,1.615137
24.286816,3.681709
44.150189,0.271618
41.997269,2.714820
34.928686,0.324601
50.408854,0.036956
39.673566,17.953878
16.602725,0.803115
31.276328,9.262469
