29.099309,2.131817
34.627047,5.064801
34.876126,5.538930
37.605895,5.636352
31.164919,5.032394
27.687584,6.073710
36.966636,0.474476
32.531012,4.565867
36.903328,3.773649
40.966937,6.798855
36.883778,7.844514
48.798223,22.311604
59.132433,45.916132
15.700468,1.277665
21.080037,6.589259
23.767349,2.322837
23.006179,7.463308
15.904539,2.961551
20.674567,4.597432
20.684679,5.394700
9.908886,1.292145
7.361378,0.031766
67.636744,1.299388
67.332300,3.249434
6.703494,0.466502
6.440866,0.545242
7.681608,1.755200
60.645379,6.981551
55.456378,3.374350
53.615715,4.464412
50.068263,1.672853
48.974700,8.057785
48.029344,7.910956
36.695939,12.797929
21.371708,2.571793
26.602034,4.198376
27.401762,3.371080
25.659633,7.700964
29.103593,5.390871
37.073888,1.702895
35.468539,4.751391
35.720966,4.247749
34.081596,5.515000
39.341146,5.301587
31.456403,5.207228
19.230557,4.965202
26.698152,4.526536
32.637917,2.275436
26.220750,1.129313
22.262417,2.666405
22.752486,2.458308
23.897371,2.771831
13.084825,0.840653
17.108293,2.102508
35.291046,22.170166
12.922900,2.847843
36.872799,0.096936
32.882557,8.264558
30.392350,9.388245
30.658655,7.067102
28.773779,0.513383
35.938817,1.357298
27.998684,0.900231
23.662578,1.523165
36.292531,1.991776
27.593825,7.024663
33.421135,0.389486
33.646711,1.078501
30.965809,2.998442
29.812743,3.496799
25.522761,0.369457
29.985286,1.590829
19.560081,3.666231
35.994273,0.266795
34.066209,2.686540
27.757752,0.324419
40.993875,0.036446
31.884269,17.897892
11.808613,0.803115
25.336354,9.179837
