25.383878,1.600009
29.856388,3.776257
29.754281,4.108653
31.936162,4.172564
26.325563,3.717354
23.153429,4.469748
31.940817,0.354158
28.261323,3.418424
32.384319,2.843263
36.365374,5.166455
32.653889,5.948488
42.800468,16.804838
51.577834,34.459914
14.710211,1.031360
19.763722,5.323526
21.263783,1.777047
22.450934,6.259418
16.709836,2.503890
21.545708,3.886928
21.606008,4.561000
10.798345,1.092470
8.969737,0.026857
57.380751,0.961518
56.930321,2.401206
9.069076,0.394433
9.945105,0.463834
10.591196,1.484296
51.497544,5.168217
47.393704,2.504976
45.978846,3.319575
43.038719,1.245321
42.375698,6.019067
41.680370,5.919159
31.905759,9.586301
19.961521,2.067754
24.852228,3.376507
25.277100,2.667403
26.228833,6.509907
29.269360,4.554117
36.742804,1.435737
34.746709,3.991876
34.540124,3.543118
32.819684,4.585888
37.526743,4.370261
30.035551,4.296807
18.568888,4.137382
25.831473,3.777279
31.911087,1.910099
25.739869,0.949545
22.671158,2.253834
23.149617,2.077886
25.432560,2.343495
15.300376,0.710747
20.100840,1.777603
31.173184,16.782574
13.533848,2.407745
30.822848,0.071327
27.430052,6.076845
25.399055,6.907429
25.690455,5.204580
24.172584,0.378433
30.144483,0.999938
23.518549,0.663563
19.905781,1.123350
30.619415,1.470588
27.774931,5.934686
30.659354,0.306071
31.512291,0.870159
30.028528,2.505883
28.430850,2.881798
23.563612,0.292648
26.969285,1.223139
18.344061,2.963085
32.036896,0.203187
31.152891,2.103197
26.897468,0.270995
37.040598,0.028153
30.085608,14.575328
13.355114,0.679010
23.295302,7.233903
