24.066630,1.502982
28.001397,3.530009
27.648341,3.826311
29.563176,3.880181
24.266515,3.451460
21.184556,4.139156
30.013748,0.331335
26.690525,3.205303
30.882517,2.678477
35.080282,4.897709
31.414965,5.630280
40.794882,15.826806
48.897200,32.368921
15.012600,1.030655
20.183738,5.325228
20.678480,1.693062
23.793714,6.761602
18.338003,2.954788
23.610314,4.578084
23.687441,5.375521
11.874961,1.292038
9.786428,0.031766
53.073276,0.893865
52.515975,2.230048
9.812825,0.466517
10.658604,0.549474
11.443448,1.755546
47.667681,4.805938
44.103661,2.334171
42.914611,3.096908
40.254510,1.162783
39.870399,5.634345
39.323742,5.547574
30.155721,8.991830
20.307171,2.057015
25.288302,3.360027
25.384474,2.611637
28.580383,7.587557
31.657411,5.209965
39.389184,1.601627
36.937498,4.348174
36.325485,3.752492
34.391097,4.815081
38.980982,4.502578
31.228875,4.435361
19.504887,4.368931
27.181188,4.005732
33.871161,2.071857
27.405775,1.038825
24.667083,2.618040
25.178285,2.411532
27.951134,2.769648
16.750985,0.840653
21.997842,2.102508
29.922048,15.864557
14.844787,2.839520
28.194429,0.066046
25.055242,5.624148
23.228959,6.395572
23.539718,4.822038
22.189786,0.350844
27.640257,0.926668
21.587460,0.615168
18.291350,1.041824
28.197890,1.364933
30.054834,6.797828
30.610687,0.297860
32.147340,0.869062
31.658964,2.670347
29.525773,2.967671
23.684593,0.286809
26.372103,1.169729
18.739490,2.965346
30.989490,0.192933
31.000361,2.040243
28.339846,0.288319
36.395530,0.027019
30.923683,14.728639
14.659776,0.803114
23.313786,7.056787
