30.874555,2.025059
36.494098,4.794200
36.534565,5.228693
39.291091,5.314997
32.462705,4.739981
28.675081,5.709385
39.006940,0.449393
34.433966,4.331515
39.290650,3.592091
43.911557,6.501148
39.473006,7.492629
51.939396,21.234184
62.736723,43.615456
17.400015,1.258370
23.372143,6.492090
25.594501,2.229029
26.221269,7.450546
19.227007,2.961550
24.821975,4.597427
24.882560,5.394696
12.362847,1.292145
10.131555,0.031766
70.626581,1.225024
70.173793,3.061231
10.127068,0.466530
10.962383,0.547183
11.803573,1.755546
63.359860,6.583370
58.150596,3.186680
56.331345,4.219764
52.675711,1.582163
51.719425,7.634913
50.807191,7.502404
38.860908,12.144165
23.637261,2.528612
29.426258,4.128396
30.066481,3.290359
30.315479,7.700842
33.937468,5.390273
42.743556,1.702080
40.539827,4.745332
40.445244,4.234081
38.477352,5.492102
44.124688,5.264398
35.305274,5.172518
21.752386,4.947749
30.242320,4.512537
37.250886,2.272062
30.015177,1.128088
26.221621,2.666337
26.779499,2.458238
29.209758,2.771831
17.365509,0.840653
22.800981,2.102508
37.718293,21.156224
15.580049,2.847842
38.179675,0.091115
34.007437,7.765292
31.464845,8.824053
31.789234,6.645755
29.878291,0.483013
37.284945,1.276615
29.071409,0.846957
24.589966,1.433447
37.777460,1.875562
32.198876,7.023955
36.544058,0.378900
37.279446,1.061990
35.133149,2.990454
33.432144,3.471965
28.019625,0.360793
32.393133,1.530580
21.691079,3.612733
38.642575,0.255411
37.176618,2.608649
31.476560,0.323510
44.408902,0.035150
35.500828,17.691528
15.218888,0.803115
27.742996,8.942407
