31.637386,1.639812
36.650505,3.845814
36.078362,4.164492
38.535635,4.221665
31.597488,3.753924
27.541253,4.499647
39.312150,0.361062
35.028705,3.495168
40.705625,2.924975
46.516466,5.359700
41.594133,6.158094
53.757862,17.281890
64.276670,35.315313
20.799380,1.149797
27.983152,5.943076
27.550847,1.855996
34.507121,7.812081
28.456355,3.965943
36.469211,6.038786
36.639389,7.126996
18.633695,1.823577
15.068193,0.045495
69.165888,0.972463
68.393247,2.425612
14.630521,0.668148
15.284445,0.786933
16.964081,2.514303
62.133692,5.228863
57.576254,2.540834
56.076861,3.372133
52.637722,1.266410
52.247979,6.140827
51.587225,6.048422
39.589094,9.806035
28.045614,2.290893
34.932708,3.742494
34.639925,2.891425
43.519336,9.562016
47.472199,6.328922
58.145255,1.892618
53.810134,5.049065
52.121173,4.290106
49.111000,5.482289
55.065321,5.084037
44.164166,5.012155
27.940995,4.987685
39.028496,4.582588
49.231159,2.399580
40.019139,1.209689
37.437338,3.270239
38.182514,3.006033
43.618696,3.805029
26.089233,1.203824
34.219877,3.010949
39.569171,17.344314
22.996154,3.785995
36.652782,0.071797
32.563668,6.113395
30.196682,6.952404
30.611438,5.242454
28.866664,0.381478
35.948813,1.007505
28.082575,0.668877
23.800257,1.132867
36.708402,1.484443
45.108527,8.272777
41.565726,0.329037
44.521076,0.969313
45.577931,3.062386
41.697243,3.350263
32.345231,0.317649
35.261420,1.284014
25.988719,3.309950
41.156494,0.211251
41.981692,2.251161
40.764080,0.330376
48.823503,0.029697
43.164278,16.501648
22.983723,1.148352
31.720335,7.802286
