36.041245,1.638697
41.791781,3.844292
41.163313,4.163565
43.974997,4.220956
36.063646,3.753483
31.440889,4.499407
44.820276,0.360903
39.919614,3.493186
46.342268,2.922425
52.875548,5.352495
47.299277,6.150571
61.205535,17.267140
73.224471,35.291398
23.299039,1.142550
31.337832,5.905019
31.275300,1.852734
37.911500,7.690615
30.079531,3.708199
38.685470,5.693059
38.826002,6.703379
19.457445,1.653618
15.539337,0.040769
78.931594,0.972310
78.058218,2.425308
15.053388,0.598742
15.690400,0.705187
17.448591,2.253115
70.904179,5.227990
65.685979,2.540209
63.964179,3.371127
60.033202,1.265981
59.562445,6.137941
58.795496,6.045158
45.113533,9.800265
31.454038,2.277493
39.174829,3.720487
39.020039,2.879041
46.602593,9.176473
51.285936,6.144643
63.336173,1.851911
58.994116,4.963878
57.543213,4.235254
54.334197,5.418139
61.204983,5.035706
49.065239,4.963444
30.869882,4.925800
43.074769,4.523218
54.032007,2.360734
43.824914,1.188379
40.169093,3.147712
40.988127,2.895370
45.877863,3.512712
26.960149,1.078910
35.350725,2.698409
45.011026,17.324827
24.340798,3.551517
41.842787,0.071793
37.175772,6.113134
34.472645,6.952054
34.944588,5.242121
32.951214,0.381448
41.036746,1.007436
32.056260,0.668825
27.167127,1.132768
41.898351,1.484283
48.708975,8.027615
46.901905,0.327819
49.879234,0.963260
50.243616,3.020741
46.351717,3.318586
36.425249,0.316259
39.986444,1.281338
29.100899,3.288607
46.762701,0.210939
47.414396,2.243518
44.954635,0.325955
55.310379,0.029625
48.211347,16.378882
23.830371,1.030578
35.768159,7.771624
