34.960307,1.639916
40.496084,3.845943
39.861791,4.164563
42.576091,4.221716
34.910010,3.753954
30.428065,4.499661
43.437616,0.361075
38.706313,3.495347
44.984084,2.925224
51.414846,5.360462
45.971999,6.158875
59.407818,17.283327
71.027679,35.317546
23.036011,1.150772
30.993508,5.948208
30.457021,1.856358
38.333219,7.829862
31.791952,4.008063
40.726657,6.093892
40.921971,7.194958
20.838597,1.856035
16.791132,0.046517
76.417698,0.972474
75.563407,2.425633
16.203419,0.683166
16.794744,0.804619
18.766500,2.570808
68.648383,5.228926
63.614537,2.540882
61.958867,3.372214
58.159715,1.266445
57.731530,6.141079
57.002755,6.048715
43.745810,9.806561
31.055892,2.292679
38.682695,3.745430
38.333658,2.893008
48.536976,9.621173
52.875600,6.356713
64.680205,1.898679
59.796580,5.061595
57.855585,4.298030
54.496139,5.491493
61.059086,5.090845
48.974944,5.019031
31.011555,4.996605
43.324629,4.591173
54.698859,2.405281
44.479308,1.212831
41.741657,3.288951
42.569516,3.022915
48.757062,3.855270
29.131898,1.230764
38.202755,3.078416
43.732276,17.346309
25.687619,3.823913
40.494627,0.071797
35.976834,6.113409
33.361808,6.952424
33.820137,5.242474
31.892586,0.381480
39.717027,1.007509
31.026299,0.668880
26.295152,1.132873
40.556623,1.484454
50.246599,8.309778
45.986879,0.329189
49.307458,0.970126
50.604491,3.068429
46.235092,3.354723
35.795665,0.317828
38.986061,1.284320
28.785022,3.312831
45.492788,0.211285
46.441240,2.252104
45.256933,0.331017
53.987681,0.029705
47.826819,16.518501
25.693929,1.173209
35.097628,7.806155
