26.980233,1.628916
31.452970,3.828367
31.104368,4.151813
33.278331,4.211066
27.333310,3.746531
23.886232,4.494445
33.702092,0.359300
29.943381,3.474751
34.582928,2.901745
39.193019,5.301278
35.117493,6.095549
45.687521,17.146693
54.817754,35.081289
16.551252,1.107328
22.248349,5.720556
23.063440,1.831280
25.943831,7.169300
19.688915,3.041918
25.380088,4.718368
25.453992,5.538176
12.697631,1.328242
10.390704,0.032654
59.750424,0.970129
59.146607,2.420618
10.363053,0.479559
11.186938,0.564826
12.073952,1.804625
53.658582,5.215784
49.604949,2.532546
48.243995,3.359571
45.237654,1.261259
44.759809,6.109404
44.124407,6.014305
33.826097,9.747233
22.407264,2.211480
27.901865,3.612174
28.102102,2.814079
30.826721,7.861461
34.262383,5.438714
42.778541,1.685166
40.234453,4.602043
39.705463,3.994228
37.633035,5.133232
42.766327,4.815285
34.252082,4.741949
21.327818,4.652891
29.705378,4.262750
36.913353,2.194853
29.836044,1.098385
26.625590,2.716654
27.182278,2.503319
29.960350,2.848642
17.825678,0.864151
23.402810,2.161282
33.464122,17.178639
15.945673,2.924364
31.791148,0.071716
28.256596,6.107305
26.192847,6.944664
26.536750,5.235639
25.008739,0.380908
31.156446,1.006122
24.330193,0.667884
20.612198,1.131049
31.765860,1.481687
32.521648,7.093112
33.936236,0.321221
35.445870,0.933792
34.577887,2.839090
32.395112,3.174013
26.214488,0.308999
29.378321,1.264554
20.654726,3.185279
34.602873,0.208782
34.395669,2.201243
30.958970,0.306632
40.500658,0.029195
34.027514,15.798529
15.631774,0.825564
25.831632,7.607696
