32.844189,1.937211
38.710336,4.576310
38.647924,4.982689
41.513866,5.061612
34.250688,4.510786
30.172250,5.426620
41.397742,0.429125
36.593929,4.140273
41.857184,3.440628
46.904387,6.244493
42.137897,7.191829
55.325367,20.336498
66.737578,41.722658
18.777440,1.234674
25.224830,6.371921
27.386315,2.145810
28.422460,7.425059
20.836461,2.961545
26.910436,4.597401
26.973222,5.394674
13.368751,1.292145
10.879195,0.031766
74.601955,1.166459
74.057409,2.913566
10.807871,0.466528
11.615189,0.548237
12.583681,1.755596
66.942709,6.269441
61.541913,3.037529
59.669668,4.024398
55.831334,1.509487
54.908692,7.292388
53.979771,7.169698
41.306904,11.609812
25.496456,2.477232
31.741866,4.044943
32.365175,3.204539
32.888691,7.700363
36.824384,5.388467
46.367288,1.700081
43.953579,4.732612
43.809804,4.209782
41.662706,5.453431
47.730171,5.208468
38.194421,5.119687
23.559042,4.917254
32.759841,4.487454
40.382932,2.265157
32.546395,1.125447
28.449544,2.666085
29.055266,2.457983
31.632350,2.771830
18.694433,0.840653
24.538539,2.102508
40.243816,20.295332
16.886960,2.847834
40.168973,0.086598
35.759006,7.378638
33.101924,8.386415
33.467591,6.318122
31.477469,0.459341
39.263875,1.213819
30.626387,0.805436
25.915603,1.363422
39.845117,1.784591
34.937984,7.021789
39.299079,0.368113
40.228246,1.041794
38.064906,2.975729
36.162916,3.434727
30.166237,0.351517
34.700078,1.475902
23.411519,3.546369
41.301034,0.245507
39.956037,2.531022
34.101129,0.321851
47.616890,0.033947
38.349651,17.417975
16.418156,0.803115
29.846736,8.696396
