25.432789,1.778862
29.807396,4.190330
29.610557,4.552370
31.738587,4.620483
26.121939,4.113793
22.908720,4.941046
31.908900,0.393119
28.280111,3.797835
32.506443,3.164634
36.631411,5.764628
32.866003,6.633139
42.955028,18.702378
51.675828,38.311328
15.048105,1.174694
20.221130,6.065662
21.470494,1.986704
23.168287,7.309956
17.341082,2.961429
22.358640,4.596948
22.421719,5.394263
11.199322,1.292145
9.268893,0.031766
57.008621,1.064603
56.505400,2.657572
9.341491,0.466520
10.206283,0.549199
10.903351,1.755568
51.177631,5.722956
47.189098,2.776136
45.827879,3.680656
42.928246,1.381248
42.351513,6.682708
41.694223,6.574935
31.935013,10.651768
20.403745,2.351092
25.404254,3.839638
25.751131,3.014316
27.203058,7.695060
30.322582,5.374271
38.004276,1.688183
35.879720,4.671156
35.584740,4.115746
33.784991,5.313303
38.553129,5.032533
30.863819,4.951139
19.125318,4.801885
26.615832,4.389413
32.941192,2.232925
26.587723,1.112220
23.508526,2.663526
24.003398,2.455432
26.390746,2.771808
15.832096,0.840653
20.796070,2.102508
31.353903,18.704814
14.045026,2.847672
30.493907,0.078845
27.121805,6.715957
25.126188,7.635272
25.433397,5.754564
23.947891,0.418536
29.851052,1.105718
23.299126,0.733872
19.728373,1.242575
30.371821,1.627192
28.776567,7.004438
31.186020,0.345057
32.232943,0.990876
30.953458,2.915973
29.206876,3.317985
24.011075,0.330835
27.274933,1.369477
18.770005,3.376722
32.297647,0.226858
31.659708,2.368110
27.722113,0.315203
37.511753,0.031565
30.830806,16.669809
13.834752,0.803115
23.710542,8.163013
