29.561790,1.634296
34.373577,3.837428
33.923616,4.158741
36.266295,4.216996
29.762826,3.750788
25.974701,4.497620
36.847786,0.360206
32.777294,3.485007
37.947276,2.912947
43.136617,5.328295
38.622847,6.124741
50.125655,17.212016
60.061653,35.196893
18.529626,1.124557
24.913292,5.810741
25.440779,1.842420
29.425181,7.416592
22.609901,3.290254
29.134004,5.093644
29.222754,5.982478
14.573441,1.440478
11.802873,0.035418
65.104489,0.971442
64.412857,2.423478
11.649106,0.520155
12.421732,0.612642
13.547635,1.957388
58.475595,5.223105
54.117758,2.537036
52.666852,3.366263
49.407743,1.263972
48.952308,6.125468
48.288676,6.031524
37.034394,9.776669
25.059451,2.243856
31.206722,3.665285
31.298215,2.846327
35.319218,8.413753
39.149462,5.754284
48.721040,1.762519
45.683633,4.772933
44.910218,4.109520
42.511778,5.269936
48.163960,4.921736
38.587617,4.848847
24.113166,4.783574
33.605623,4.387280
41.889589,2.273377
33.896154,1.140777
30.489571,2.900622
31.122854,2.671259
34.411740,3.086441
20.334237,0.937303
26.683209,2.344237
36.782052,17.256593
18.308991,3.160991
34.569262,0.071765
30.718637,6.111080
28.480889,6.949407
28.864044,5.239748
27.210832,0.381246
33.893025,1.006951
26.472113,0.668474
22.431218,1.132120
34.583193,1.483285
37.166702,7.509709
37.727150,0.324518
39.677548,0.948212
39.144826,2.925775
36.480870,3.243844
29.204045,0.312600
32.457560,1.273187
23.131058,3.235785
38.113118,0.209914
38.198837,2.222448
35.040010,0.315859
44.808423,0.029415
38.185188,16.080891
17.890071,0.895448
28.738464,7.689374
