20.534496,1.502982
23.910122,3.530009
23.621001,3.826311
25.261493,3.880181
20.739261,3.451460
18.109967,4.139156
25.625299,0.331335
22.780027,3.205303
26.337313,2.678477
29.883677,4.897709
26.768933,5.630280
34.792352,15.826806
41.721089,32.368921
12.662746,1.030655
17.021339,5.325228
17.598901,1.693062
19.773813,6.761602
14.516727,2.954788
18.812794,4.578084
18.839691,5.375521
9.111358,1.292038
6.786208,0.031766
45.352352,0.893865
44.881208,2.230048
6.179715,0.466517
5.933552,0.549474
7.081307,1.755546
40.731774,4.805938
37.676573,2.334171
36.654890,3.096908
34.378663,1.162783
34.037847,5.634345
33.564780,5.547574
25.736065,8.991830
17.142811,2.057015
21.346525,3.360027
21.492454,2.611637
23.107581,7.587557
25.877493,5.209965
32.478147,1.601627
30.640440,4.348174
30.311018,3.752492
28.744965,4.815081
32.696854,4.502578
26.185262,4.435361
16.284842,4.368931
22.674910,4.005732
28.123386,2.071857
22.710711,1.038825
19.996390,2.618040
20.423405,2.411532
21.890999,2.769648
12.061410,0.840653
15.770529,2.102508
25.502677,15.864557
11.781977,2.839520
24.102661,0.066046
21.419933,5.624148
19.857920,6.395572
20.122418,4.822038
18.967300,0.350844
23.627138,0.926668
18.452503,0.615168
15.634461,1.041824
24.100080,1.364933
24.554073,6.797828
25.947053,0.297860
27.118332,0.869062
26.384838,2.670347
24.768034,2.967671
20.049539,0.286809
22.428626,1.169729
15.802096,2.965346
26.390907,0.192933
26.293293,2.040243
23.626254,0.288319
30.932321,0.027019
26.030318,14.728639
10.880515,0.803114
19.752867,7.056787
