22.676713,1.778862
26.625624,4.190330
26.486578,4.552370
28.405102,4.620483
23.391454,4.113793
20.532722,4.941046
28.494095,0.393119
25.232554,3.797835
28.953104,3.164634
32.552277,5.764628
29.222649,6.633139
38.263185,18.702378
46.076556,38.311328
13.154805,1.174694
17.672153,6.065662
19.045696,1.986704
19.842759,7.309956
14.014906,2.961429
18.203838,4.596948
18.217272,5.394263
8.745104,1.292145
6.498715,0.031766
51.026731,1.064603
50.594192,2.657572
5.917863,0.466520
5.682375,0.549199
6.781254,1.755568
45.802916,5.722956
42.201703,2.776136
40.966397,3.680656
38.362210,1.381248
37.811256,6.682708
37.207518,6.574935
28.489826,10.651768
17.858791,2.351092
22.233655,3.839638
22.642375,3.014316
22.524067,7.695060
25.437292,5.374271
32.223981,1.688183
30.656209,4.671156
30.640614,4.115746
29.156528,5.313303
33.433714,5.032533
26.752355,4.951139
16.480824,4.801885
22.909943,4.389413
28.179889,2.232925
22.687445,1.112220
19.525674,2.663526
19.951278,2.455432
21.075659,2.771808
11.551410,0.840653
15.103381,2.102508
27.891129,18.704814
11.384303,2.847672
27.332028,0.078845
24.313512,6.715957
22.521348,7.635272
22.791716,5.754564
21.455767,0.418536
26.748294,1.105718
20.874744,0.733872
17.673179,1.242575
27.200383,1.627192
24.124361,7.004438
27.471611,0.345057
28.181944,0.990876
26.609376,2.915973
25.331555,3.317985
21.106276,0.330835
24.163025,1.369477
16.401978,3.376722
28.684244,0.226858
27.916613,2.368110
23.841709,0.315203
33.191882,0.031565
26.871438,16.669809
10.424455,0.803115
20.871121,8.163013
