33.452929,1.622599
39.107595,3.817311
38.762680,4.142978
41.509649,4.203332
34.127921,3.740816
29.873771,4.489889
41.883808,0.358202
37.164598,3.462558
42.813853,2.888810
48.370008,5.270893
43.372373,6.062534
56.569060,17.071153
67.970306,34.945529
20.086416,1.089181
26.994384,5.625621
28.399782,1.818933
31.068891,6.923577
23.133321,2.859084
29.867942,4.437240
29.940927,5.207209
14.829528,1.247685
11.970049,0.030673
74.544100,0.968407
73.836965,2.416797
11.801222,0.450467
12.567913,0.530503
13.721945,1.695158
66.932034,5.206233
61.796459,2.526865
60.057185,3.351229
56.285528,1.257909
55.607746,6.090049
54.779906,5.993763
41.975279,9.712326
27.221093,2.177297
33.893653,3.556108
34.278242,2.779680
36.434614,7.417322
40.665649,5.162668
50.986463,1.612416
48.124051,4.434162
47.688951,3.877198
45.260215,4.993443
51.594171,4.705002
41.308850,4.631329
25.627743,4.519887
35.671078,4.136494
44.178807,2.117249
35.663868,1.057015
31.498253,2.565984
32.163992,2.365161
35.120238,2.676334
20.633246,0.811728
27.073585,2.030169
41.356094,17.090034
18.746805,2.749096
39.762466,0.071644
35.352527,6.101785
32.761729,6.937826
33.178211,5.229830
31.254960,0.380438
38.948045,1.004958
30.407551,0.667063
25.754508,1.129575
39.670948,1.479527
38.590514,6.730369
41.468266,0.317687
43.022231,0.918601
41.491845,2.751615
39.085269,3.101646
31.967084,0.305161
36.119125,1.255070
25.058382,3.132126
42.672745,0.207517
42.071723,2.178433
37.158240,0.297306
49.724368,0.028955
41.198916,15.502855
18.166746,0.775482
31.542049,7.520306
