31.837100,1.639885
36.879325,3.845904
36.302221,4.164542
38.774308,4.221701
31.792880,3.753945
27.711249,4.499657
39.557988,0.361071
35.248839,3.495293
40.964605,2.925149
46.818414,5.360230
41.862706,6.158638
54.099628,17.282895
64.682380,35.316878
20.965053,1.150467
28.206866,5.946602
27.732932,1.856247
34.860782,7.824237
28.889903,3.994604
37.007992,6.076317
37.185637,7.173273
18.946621,1.845500
15.333610,0.046179
69.594125,0.972471
68.816279,2.425627
14.874016,0.678196
15.518269,0.798765
17.243121,2.552115
62.518510,5.228907
57.933789,2.540868
56.425723,3.372190
52.965663,1.266435
52.575094,6.141005
51.911072,6.048628
39.838097,9.806404
28.265289,2.292121
35.206649,3.744513
34.895071,2.892516
44.108194,9.602359
48.059940,6.347888
58.803669,1.896757
54.375724,5.057628
52.624289,4.295528
49.572609,5.488589
55.552679,5.088702
44.557477,5.016867
28.208271,4.993789
39.406741,4.588462
49.742054,2.403477
40.445418,1.211836
37.934198,3.283002
38.686888,3.017548
44.311477,3.839145
26.552515,1.221858
34.827548,3.056107
39.823602,17.345705
23.342436,3.811806
36.879007,0.071797
32.764609,6.113405
30.383054,6.952418
30.800436,5.242468
29.044962,0.381479
36.170797,1.007508
28.256026,0.668879
23.947298,1.132871
36.935331,1.484450
45.669810,8.298027
41.864547,0.329142
44.874945,0.969872
46.026213,3.066520
42.065727,3.353320
32.584396,0.317772
35.497829,1.284226
26.196825,3.311929
41.425183,0.211275
42.279642,2.251812
41.163068,0.330815
49.155425,0.029702
43.522120,16.513215
23.387446,1.165023
31.950590,7.804954
