30.072166,2.224486
35.921842,5.308032
36.316384,5.824639
39.226169,5.934919
32.574914,5.306573
29.060639,6.420419
38.321524,0.496896
33.662779,4.772046
38.066642,3.927784
42.117210,7.038526
37.947897,8.131695
50.344419,23.228171
61.111056,47.913783
15.946188,1.287076
21.407525,6.636251
24.382667,2.394986
23.245683,7.466846
16.029966,2.961551
20.838622,4.597432
20.848480,5.394700
9.986351,1.292145
7.418889,0.031766
70.578388,1.368605
70.352543,3.425630
6.756006,0.466380
6.495093,0.542918
7.741931,1.754213
63.260426,7.351554
57.710184,3.546571
55.725715,4.687234
51.995211,1.754994
50.745832,8.434296
49.717842,8.271590
37.962519,13.371615
21.717883,2.593704
27.031875,4.233785
27.911295,3.418563
25.869474,7.700978
29.354400,5.390970
37.418726,1.703072
35.826463,4.752978
36.124144,4.252089
34.481560,5.522710
39.848913,5.315875
31.858249,5.220382
19.450464,4.970855
26.997780,4.530942
32.972434,2.276345
26.481220,1.129623
22.446201,2.666414
22.940778,2.458317
24.084814,2.771831
13.187051,0.840653
17.241951,2.102509
36.332841,23.006780
13.025029,2.847843
38.707620,0.102478
34.550078,8.741210
31.908285,9.925610
32.151082,7.466962
30.142385,0.542100
37.672789,1.433762
29.331907,0.950616
24.774231,1.607832
37.952979,2.100956
27.830772,7.024779
34.081835,0.396095
34.175561,1.086596
31.306236,3.000875
30.198503,3.506372
25.992949,0.374506
30.719448,1.635535
19.862975,3.692006
36.977495,0.275826
34.763371,2.736731
28.064977,0.324698
41.949548,0.037375
32.346063,17.989676
11.900870,0.803115
25.824885,9.324577
