22.683830,1.843791
26.695747,4.347759
26.610927,4.727193
28.563238,4.799428
23.544895,4.274571
20.704486,5.137146
28.557280,0.407818
25.261221,3.937966
28.927312,3.278172
32.447562,5.963541
29.144403,6.864277
38.233102,19.374418
46.091827,39.710050
12.974206,1.201787
17.427412,6.204264
18.954199,2.053087
19.442224,7.371080
13.652362,2.961513
17.737577,4.597265
17.749222,5.394553
8.514068,1.292145
6.326184,0.031766
51.320593,1.105908
50.917301,2.761276
5.760752,0.466523
5.531712,0.548923
6.601224,1.755583
46.058663,5.944633
42.385872,2.882394
41.117837,3.820563
38.486247,1.433489
37.884584,6.931745
37.257836,6.818200
28.517518,11.043968
17.623666,2.407580
21.940035,3.931633
22.396836,3.097088
21.967870,7.698499
24.839433,5.382889
31.512863,1.694964
30.021916,4.704382
30.061451,4.163618
28.623238,5.383341
32.871963,5.117034
26.298551,5.032415
16.172688,4.860248
22.474852,4.439464
27.603965,2.250193
22.212159,1.119439
19.048163,2.665161
19.464548,2.457055
20.524467,2.771825
11.244757,0.840653
14.702426,2.102508
27.829249,19.361807
11.090863,2.847787
27.562455,0.081976
24.527199,6.983410
22.712235,7.938572
22.974232,5.982283
21.617886,0.435036
26.957873,1.149410
21.032929,0.762808
17.802403,1.291459
27.384921,1.690914
23.555583,7.015006
27.202958,0.354987
27.797012,1.013850
26.095370,2.946794
24.906941,3.374002
20.874015,0.339850
24.021141,1.414110
16.173967,3.453563
28.576410,0.234604
27.660695,2.437914
23.383706,0.318620
32.966386,0.032569
26.468926,17.015213
10.147874,0.803115
20.657902,8.393665
