24.539780,1.843791
28.879945,4.347759
28.788185,4.727193
30.900230,4.799428
25.471296,4.274571
22.398490,5.137146
30.893785,0.407818
27.328048,3.937966
31.294092,3.278172
35.102362,5.963541
31.528946,6.864277
41.361265,19.374418
49.862976,39.710050
14.035732,1.201787
18.853292,6.204264
20.504997,2.053087
21.032952,7.371080
14.769373,2.961513
19.188834,4.597265
19.201431,5.394553
9.210673,1.292145
6.843781,0.031766
55.519551,1.105908
55.083262,2.761276
6.232087,0.466523
5.984307,0.548923
7.141324,1.755583
49.827099,5.944633
45.853807,2.882394
44.482023,3.820563
41.635122,1.433489
40.984232,6.931745
40.306204,6.818200
30.850769,11.043968
19.065602,2.407580
23.735129,3.931633
24.229305,3.097088
23.765241,7.698499
26.871750,5.382889
34.091188,1.694964
32.478255,4.704382
32.521024,4.163618
30.965139,5.383341
35.561487,5.117034
28.450251,5.032415
17.495908,4.860248
24.313703,4.439464
29.862471,2.250193
24.029518,1.119439
20.606649,2.665161
21.057102,2.457055
22.203741,2.771825
12.164783,0.840653
15.905352,2.102508
30.106187,19.361807
11.998297,2.847787
29.817565,0.081976
26.533970,6.983410
24.570508,7.938572
24.853942,5.982283
23.386622,0.435036
29.163517,1.149410
22.753805,0.762808
19.258964,1.291459
29.625506,1.690914
25.482859,7.015006
29.428654,0.354987
30.071313,1.013850
28.230445,2.946794
26.944782,3.374002
22.581888,0.339850
25.986507,1.414110
17.497292,3.453563
30.914480,0.234604
29.923843,2.437914
25.296918,0.318620
35.663636,0.032569
28.634566,17.015213
10.978154,0.803115
22.348094,8.393665
