28.056660,1.627605
32.727684,3.826101
32.380798,4.150028
34.650635,4.209515
28.466359,3.745396
24.884936,4.493561
35.064292,0.359074
31.144924,3.472230
35.950564,2.899046
40.714792,5.294886
36.487049,6.088615
47.495724,17.130938
57.005086,35.053112
17.128506,1.103432
23.023131,5.700173
23.946896,1.828671
26.766718,7.115195
20.227113,2.997486
26.082749,4.650312
26.156084,5.457946
13.028836,1.308571
10.635411,0.032170
62.216915,0.969784
61.596238,2.419858
10.585883,0.472454
11.400905,0.556451
12.329292,1.777880
55.871508,5.213869
51.636700,2.531395
50.212184,3.357873
47.077964,1.260575
46.565646,6.105420
45.897614,6.010063
35.181908,9.740010
23.194205,2.204149
28.881295,3.600149
29.116069,2.806726
31.710038,7.755899
35.277248,5.374831
44.087497,1.668775
41.499059,4.564896
40.992470,3.968703
38.864787,5.102843
44.197695,4.791451
35.395811,4.718029
22.021423,4.623915
30.666843,4.235197
38.078924,2.177726
30.769329,1.089205
27.394132,2.681036
27.968277,2.470703
30.764496,2.806635
18.260740,0.851348
23.971618,2.129259
34.774007,17.160060
16.383691,2.881826
33.120745,0.071702
29.440200,6.106241
27.288524,6.943339
27.644495,5.234506
26.050510,0.380815
32.456003,1.005895
25.343803,0.667723
21.469825,1.130759
33.084146,1.481259
33.483177,7.009032
35.174968,0.320467
36.683184,0.930532
35.691079,2.819960
33.479980,3.158374
27.158661,0.308179
30.492929,1.262545
21.373537,3.173866
35.940345,0.208516
35.659285,2.196380
31.957418,0.304593
42.024083,0.029144
35.195379,15.734916
16.024789,0.813333
26.770120,7.589033
