20.012433,1.502982
23.302238,3.530009
23.020467,3.826311
24.619251,3.880181
20.211991,3.451460
17.649544,4.139156
24.973808,0.331335
22.200874,3.205303
25.667721,2.678477
29.123923,4.897709
26.088367,5.630280
33.907800,15.826806
40.660383,32.368921
12.340811,1.030655
16.588594,5.325228
17.151471,1.693062
19.271089,6.761602
14.147658,2.954788
18.334503,4.578084
18.360716,5.375521
8.879713,1.292038
6.613678,0.031766
44.199326,0.893865
43.740160,2.230048
6.022603,0.466517
5.782699,0.549474
6.901274,1.755546
39.696221,4.805938
36.718694,2.334171
35.722986,3.096908
33.504629,1.162783
33.172478,5.634345
32.711438,5.547574
25.081758,8.991830
16.706977,2.057015
20.803817,3.360027
20.946036,2.611637
22.520100,7.587557
25.219591,5.209965
31.652431,1.601627
29.861446,4.348174
29.540399,3.752492
28.014161,4.815081
31.865578,4.502578
25.519535,4.435361
15.870820,4.368931
22.098430,4.005732
27.408384,2.071857
22.133320,1.038825
19.488007,2.618040
19.904166,2.411532
21.334448,2.769648
11.754764,0.840653
15.369584,2.102508
24.854304,15.864557
11.482435,2.839520
23.489882,0.066046
20.875358,5.624148
19.353058,6.395572
19.610832,4.822038
18.485081,0.350844
23.026448,0.926668
17.983371,0.615168
15.236974,1.041824
23.487367,1.364933
23.929817,6.797828
25.287382,0.297860
26.428883,0.869062
25.714037,2.670347
24.138338,2.967671
19.539805,0.286809
21.858407,1.169729
15.400348,2.965346
25.719951,0.192933
25.624819,2.040243
23.025587,0.288319
30.145906,0.027019
25.368530,14.728639
10.603892,0.803114
19.250676,7.056787
