30.355234,1.624471
35.457123,3.820620
35.120501,4.145653
37.599100,4.205687
30.903552,3.742570
27.037551,4.491312
37.979629,0.358530
33.713158,3.466183
38.866820,2.892627
43.950788,5.279801
39.401223,6.072227
51.351890,17.093454
61.675951,34.985764
18.340953,1.094413
24.650239,5.652990
25.822003,1.822540
28.482787,6.992732
21.344784,2.906074
27.541917,4.509736
27.614072,5.292458
13.717039,1.268308
11.144259,0.031180
67.517467,0.968932
66.864359,2.417968
11.049243,0.457915
11.845849,0.539298
12.860255,1.723167
60.626180,5.209142
55.995932,2.528582
54.431753,3.353739
51.021238,1.258914
50.429177,6.095823
49.688714,5.999876
38.079318,9.722697
24.848149,2.187162
30.939702,3.572286
31.252918,2.789636
33.544912,7.533740
37.387086,5.236805
46.812139,1.632450
44.134935,4.481189
43.680061,3.910435
41.438692,5.033270
47.193636,4.736599
37.789277,4.663007
23.470162,4.557703
32.674429,4.172332
40.509002,2.139041
32.714108,1.068572
28.990806,2.605669
29.601279,2.401596
32.434715,2.720502
19.165363,0.825147
25.154356,2.063729
37.562728,17.116080
17.293302,2.794191
35.986781,0.071667
31.992555,6.103518
29.650448,6.939965
30.031182,5.231637
28.293908,0.380583
35.255414,1.005320
27.526612,0.667318
23.316170,1.130030
35.920513,1.480191
35.482018,6.827647
37.788747,0.318711
39.282214,0.922981
38.014672,2.776395
35.750774,3.122382
29.148053,0.306272
32.855660,1.257835
22.883008,3.147448
38.782604,0.207887
38.327487,2.185049
34.041740,0.299949
45.249903,0.029025
37.644822,15.587934
16.841836,0.788302
28.749358,7.545617
