31.883082,1.906644
37.536577,4.501222
37.438681,4.898498
40.197580,4.975120
33.148115,4.432766
29.173586,5.330812
40.150447,0.422129
35.509472,4.073975
40.654928,3.387607
45.605289,6.153349
40.960864,7.085403
53.733686,20.022430
64.784131,41.064109
18.340854,1.224756
24.639587,6.321446
26.646686,2.115887
27.836639,7.411096
20.461121,2.961539
26.421060,4.597377
26.484069,5.394653
13.136270,1.292145
10.706663,0.031766
72.229612,1.146479
71.679722,2.863277
10.650757,0.466526
11.464060,0.548506
12.403641,1.755595
64.819614,6.162288
59.626019,2.986432
57.830836,3.957323
54.122889,1.484496
53.261338,7.174036
52.374774,7.054464
40.085859,11.424435
24.897730,2.456066
30.997009,4.010529
31.573975,3.171059
32.274283,7.699988
36.116429,5.387231
45.447572,1.698855
43.056733,4.725443
42.883884,4.197327
40.771789,5.434181
46.680539,5.182393
37.357001,5.094891
23.059152,4.901779
32.068657,4.474542
39.554754,2.261322
31.885763,1.123937
27.914828,2.665895
28.508352,2.457791
31.070168,2.771829
18.387755,0.840653
24.137561,2.102508
39.111572,19.991641
16.581657,2.847826
38.838081,0.085068
34.567597,7.247767
32.004410,8.238173
32.365974,6.207013
30.448562,0.451304
37.974913,1.192514
29.624961,0.791340
25.071672,1.339632
38.558034,1.753642
34.267421,7.020291
38.320871,0.363988
39.291758,1.033359
37.266843,2.968022
35.367073,3.417394
29.430807,0.347887
33.778872,1.456044
22.868853,3.518451
40.166901,0.241976
38.951205,2.501628
33.384687,0.320988
46.371542,0.033506
37.477711,17.298866
16.141364,0.803115
29.109269,8.601567
