26.995316,1.538603
31.436159,3.614670
31.060583,3.918884
33.220178,3.974361
27.275603,3.535516
23.821591,4.240494
33.690408,0.339266
29.948128,3.281611
34.623408,2.741508
39.288326,5.011140
35.192295,5.761198
45.738521,16.199493
54.847921,33.136161
16.706356,1.051300
22.458863,5.431574
23.140730,1.731770
26.324418,6.859361
20.089389,2.957228
25.889189,4.584574
25.966810,5.382093
12.961846,1.292089
10.591599,0.031766
59.641696,0.915576
59.025386,2.284328
10.546011,0.466517
11.362592,0.549474
12.283603,1.755546
53.564480,4.922595
49.541749,2.390570
48.195904,3.171532
45.201538,1.190746
44.750003,5.769028
44.126858,5.679792
33.834127,9.205710
22.607785,2.098782
28.152394,3.428187
28.306373,2.667139
31.414035,7.618397
34.872716,5.249567
43.480375,1.619449
40.843002,4.407684
40.243180,3.812933
38.123025,4.895795
43.270232,4.584049
34.660176,4.515045
21.612892,4.440298
30.109964,4.069842
37.463213,2.101034
30.294362,1.052599
27.126112,2.630592
27.691552,2.423533
30.578622,2.770525
18.182430,0.840653
23.869367,2.102508
33.526959,16.234649
16.268392,2.842442
31.704486,0.067663
28.176566,5.761992
26.121089,6.552199
26.467870,4.939982
24.947452,0.359415
31.077280,0.949323
24.270395,0.630196
20.563348,1.067256
31.696290,1.398199
33.103397,6.848102
34.157864,0.304297
35.776168,0.886501
35.058603,2.712052
32.775769,3.021461
26.407995,0.292888
29.495715,1.196211
20.850984,3.024485
34.697709,0.197382
34.606019,2.084716
31.386501,0.292859
40.685713,0.027625
34.379026,15.013571
15.952409,0.803114
26.008087,7.208281
