25.859327,1.637384
30.011071,3.842336
29.577112,4.162260
31.603760,4.219912
25.923175,3.752796
22.606499,4.498985
32.181415,0.360703
28.651472,3.490782
33.232465,2.919539
37.871572,5.344874
33.887893,6.142496
43.893196,17.250383
52.538404,35.263208
16.541741,1.136343
22.246101,5.872472
22.378883,1.849422
26.692703,7.593511
21.021427,3.536835
27.033918,5.453196
27.132010,6.412852
13.637744,1.560222
11.134113,0.038392
56.728525,0.972083
56.107804,2.424838
11.040478,0.563833
11.837343,0.664076
12.850211,2.121754
50.957288,5.226702
47.193464,2.539342
45.948097,3.369776
43.118481,1.265417
42.762328,6.134334
42.202707,6.041168
32.377242,9.793309
22.345388,2.265923
27.829132,3.701495
27.786019,2.867949
32.592394,8.888322
35.928298,6.002194
44.467707,1.819879
41.505589,4.896055
40.589535,4.190924
38.358380,5.366004
43.294288,4.995837
34.699845,4.923331
21.781065,4.875693
30.380045,4.475274
38.028730,2.329743
30.821319,1.171449
28.101705,3.055241
28.677004,2.811675
32.080590,3.332163
19.141913,1.016010
25.125250,2.541091
32.256438,17.303630
17.009910,3.392886
30.085872,0.071787
26.731314,6.112659
24.786718,6.951432
25.124544,5.241551
23.689815,0.381398
29.503993,1.007318
23.046476,0.668739
19.530694,1.132608
30.118467,1.484031
34.119230,7.838352
33.431682,0.326708
35.415772,0.958070
35.419856,2.987207
32.789269,3.292444
25.934289,0.315017
28.591484,1.278690
20.656930,3.270367
33.482646,0.210614
33.815271,2.236462
31.696113,0.322391
39.522175,0.029556
34.179781,16.275440
16.804450,0.970613
25.485404,7.743859
