31.628328,1.639669
36.644785,3.845632
36.075420,4.164390
38.533348,4.221589
31.596237,3.753879
27.540809,4.499625
39.305252,0.361042
35.020519,3.494920
40.690244,2.924639
46.488036,5.358701
41.571265,6.157063
53.738016,17.279955
64.258345,35.312263
20.734502,1.148620
27.894512,5.936887
27.528235,1.855530
34.272537,7.791281
28.043940,3.918183
35.966256,5.975897
36.126558,7.049565
18.319545,1.788551
14.791620,0.044449
69.162078,0.972447
68.390329,2.425581
14.376498,0.652788
15.040512,0.768841
16.672975,2.456497
62.130028,5.228770
57.570996,2.540764
56.070499,3.372017
52.630834,1.266360
52.238088,6.140476
51.575819,6.048018
39.579450,9.805312
27.964276,2.288729
34.830863,3.738940
34.566472,2.889480
43.001637,9.493869
46.991444,6.296758
57.651845,1.885574
53.422086,5.034434
51.816169,4.280790
48.843500,5.471440
54.813990,5.075957
43.958657,5.004001
27.781371,4.977189
38.797701,4.572499
48.886485,2.392918
39.721660,1.206024
37.006860,3.248658
37.747111,2.986557
42.943718,3.748869
25.608408,1.176218
33.588720,2.941848
39.549340,17.341670
22.669062,3.742882
36.652212,0.071797
32.563260,6.113372
30.196224,6.952372
30.610835,5.242423
28.865945,0.381475
35.948036,1.007498
28.081883,0.668872
23.799588,1.132857
36.707085,1.484427
44.647375,8.229964
41.489988,0.328848
44.383446,0.968330
45.297959,3.055293
41.507831,3.344970
32.275094,0.317430
35.226572,1.283624
25.905841,3.306477
41.128598,0.211208
41.911764,2.249987
40.516777,0.329624
48.767257,0.029686
43.006590,16.481456
22.568522,1.122609
31.658788,7.797510
