27.197452,1.604675
31.958825,3.784849
31.821194,4.115953
34.141394,4.179164
28.130710,3.722444
24.720150,4.474236
34.196033,0.355002
30.270334,3.427578
34.714741,2.852621
39.017186,5.187734
35.027926,5.971765
45.878556,16.859576
55.262466,34.560226
15.836071,1.042667
21.276990,5.382543
22.827698,1.785542
24.194960,6.375166
17.966625,2.557728
23.176895,3.970474
23.238790,4.659050
11.583740,1.115967
9.553545,0.027435
61.337674,0.962999
60.838868,2.404581
9.600702,0.402916
10.455442,0.474009
11.200382,1.516213
55.053107,5.176373
50.693323,2.509618
49.194237,3.326250
46.057678,1.247967
45.372961,6.033857
44.639324,5.934652
34.176141,9.612418
21.486227,2.089270
26.750775,3.411774
27.190315,2.689750
28.241230,6.649227
31.532807,4.650030
39.595321,1.464788
37.446405,4.067805
37.219650,3.603396
35.363194,4.660486
40.425710,4.433332
32.356735,4.359665
20.008960,4.206743
27.835665,3.841948
34.390297,1.945935
27.739782,0.967849
24.414283,2.301967
24.930380,2.122235
27.324052,2.393899
16.338087,0.726032
21.457640,1.815841
33.433716,16.845426
14.554458,2.459514
32.907505,0.071398
29.280188,6.082447
27.116294,6.914217
27.433522,5.210173
25.818170,0.378874
32.192383,1.001047
25.119353,0.664333
21.263326,1.124714
32.715613,1.472533
29.922106,6.059853
32.969365,0.308393
33.923524,0.879638
32.359353,2.549754
30.626935,2.923248
25.348326,0.295137
28.963838,1.229595
19.748883,2.996094
34.380019,0.204067
33.493689,2.118268
28.984982,0.275706
39.792693,0.028314
32.397814,14.754538
14.291563,0.693614
25.053816,7.291056
