28.321885,1.639812
32.809459,3.845814
32.297187,4.164492
34.496900,4.221665
28.285889,3.753924
24.654754,4.499647
35.192187,0.361062
31.357730,3.495168
36.439959,2.924975
41.642377,5.359700
37.235690,6.158094
48.124392,17.281890
57.540669,35.315313
18.623751,1.149797
25.056221,5.943076
24.664316,1.855996
30.913110,7.812081
25.553681,3.965943
32.737287,6.038786
32.893375,7.126996
16.764011,1.823577
13.646584,0.045495
61.916935,0.972463
61.225247,2.425612
13.335029,0.668148
14.040552,0.786933
15.479576,2.514303
55.621757,5.228863
51.542021,2.540834
50.199811,3.372133
47.121138,1.266410
46.772352,6.140827
46.180907,6.048422
35.440210,9.806035
25.111469,2.290893
31.278079,3.742494
31.013644,2.891425
39.035749,9.562016
42.558427,6.328922
52.106215,1.892618
48.209192,5.049065
46.685443,4.290106
43.986559,5.482289
49.313660,5.084037
39.551601,5.012155
25.026497,4.987685
34.958535,4.582588
44.105164,2.399580
35.855131,1.209689
33.575864,3.270239
34.243120,3.006033
39.193528,3.805029
23.568324,1.203824
30.922321,3.010949
35.422821,17.344314
20.647435,3.785995
32.811336,0.071797
29.150785,6.113395
27.031876,6.952404
27.403166,5.242454
25.841260,0.381478
32.181153,1.007505
25.139348,0.668877
21.305845,1.132867
32.861146,1.484443
40.440462,8.272777
37.213493,0.329037
39.864028,0.969313
40.826442,3.062386
37.341796,3.350263
28.959289,0.317649
31.567377,1.284014
23.270450,3.309950
36.844173,0.211251
37.585439,2.251161
36.513997,0.330376
43.709149,0.029697
38.651480,16.501648
20.721354,1.148352
28.399261,7.802286
