30.653493,1.639669
35.515263,3.845632
34.963411,4.164390
37.345564,4.221589
30.622280,3.753879
26.691854,4.499625
38.093736,0.361042
33.941103,3.494920
39.436167,2.924639
45.055461,5.358701
40.290158,6.157063
52.081797,17.279955
62.277800,35.312263
20.096848,1.148620
27.036706,5.936887
26.680035,1.855530
33.223564,7.791281
27.204434,3.918183
34.885974,5.975897
35.042473,7.049565
17.780470,1.788551
14.383036,0.044449
67.030164,0.972447
66.282194,2.425581
14.004230,0.652788
14.683072,0.768841
16.246394,2.456497
60.214880,5.228770
55.796403,2.540764
54.342174,3.372017
51.008546,1.266360
50.627950,6.140476
49.986119,6.048018
38.359523,9.805312
27.104097,2.288729
33.759484,3.738940
33.502452,2.889480
41.700787,9.493869
45.562795,6.296758
55.892671,1.885574
51.788131,5.034434
50.227942,4.280790
47.345535,5.471440
53.130992,5.075957
42.609106,5.004001
26.929670,4.977189
37.608612,4.572499
47.390725,2.392918
38.507209,1.206024
35.885976,3.248658
36.603479,2.986557
41.665473,3.748869
24.883545,1.176218
32.640614,2.941848
38.330509,17.341670
21.989541,3.742882
35.522394,0.071797
31.559485,6.113372
29.265415,6.952372
29.667246,5.242423
27.976145,0.381475
34.839928,1.007498
27.216252,0.668872
23.065961,1.132857
35.575584,1.484427
43.290317,8.229964
40.212531,0.328848
43.018472,0.968330
43.910117,3.055293
40.233349,3.344970
31.281647,0.317430
34.141290,1.283624
25.109208,3.306477
39.861230,0.211208
40.621159,2.249987
39.275280,0.329624
47.264975,0.029686
41.684734,16.481456
21.917436,1.122609
30.684123,7.797510
