24.925724,1.638144
28.912413,3.843482
28.484106,4.163035
30.432090,4.220536
24.959069,3.753210
21.762008,4.499244
31.005921,0.360820
27.611512,3.492179
32.043113,2.921200
36.543250,5.349215
32.693239,6.147106
42.321047,17.260028
50.641376,35.279521
16.050004,1.139775
21.586687,5.890467
21.606804,1.851297
26.051610,7.646728
20.715068,3.627138
26.618976,5.580665
26.721761,6.566882
13.473500,1.608013
11.026985,0.039598
54.624016,0.972219
54.022175,2.425121
10.943227,0.581548
11.743967,0.684943
12.738773,2.188422
49.068003,5.227472
45.451784,2.539856
44.257278,3.370573
41.535227,1.265749
41.202765,6.136439
40.668844,6.043489
31.203258,9.797348
21.672390,2.272329
26.991740,3.712009
26.908279,2.874120
32.021454,9.043985
35.222325,6.079762
43.501122,1.837388
40.532511,4.933202
39.559743,4.215255
37.362220,5.394639
42.111323,5.017777
33.756571,4.945401
21.224016,4.903201
29.612014,4.501586
37.126125,2.346722
30.108089,1.180719
27.596247,3.105309
28.157943,2.857015
31.647142,3.426079
18.949018,1.047935
24.873689,2.620933
31.114596,17.315754
16.756984,3.476759
28.961835,0.071791
25.731927,6.112952
23.860579,6.951814
24.186692,5.241900
22.806435,0.381429
28.403088,1.007390
22.187040,0.668791
18.802844,1.132705
28.997616,1.484183
33.452856,7.941379
32.355393,0.327328
34.361219,0.960941
34.536190,3.005604
31.892220,3.306831
25.117497,0.315707
27.617307,1.280184
20.045397,3.280451
32.314558,0.210799
32.715521,2.240404
30.901867,0.324346
38.191289,0.029595
33.195176,16.332521
16.624598,1.001068
24.671122,7.759330
