31.488531,1.634296
36.615116,3.837428
36.136591,4.158741
38.632376,4.216996
31.704835,3.750788
27.669818,4.497620
39.250470,0.360206
34.914047,3.485007
40.419723,2.912947
45.944945,5.328295
41.137822,6.124741
53.391682,17.212016
63.976293,35.196893
19.727206,1.124557
26.523229,5.810741
27.095951,1.842420
31.305538,7.416592
24.000464,3.290254
30.935174,5.093644
31.026773,5.982478
15.447489,1.440478
12.454355,0.035418
69.352129,0.971442
68.615683,2.423478
12.242368,0.520155
12.991362,0.612642
14.227451,1.957388
62.290659,5.223105
57.647902,2.537036
56.101982,3.366263
52.630040,1.263972
52.144089,6.125468
51.436776,6.031524
39.448573,9.776669
26.680066,2.243856
33.224800,3.665285
33.326769,2.846327
37.528206,8.413753
41.619230,5.754284
51.815543,1.762519
48.598798,4.772933
47.789088,4.109520
45.240399,5.269936
51.263734,4.921736
41.070405,4.848847
25.659572,4.783574
35.759410,4.387280
44.564600,2.273377
36.057444,1.140777
32.400478,2.900622
33.074402,2.671259
36.510058,3.086441
21.492095,0.937303
28.197146,2.344237
39.177553,17.256593
19.437375,3.160991
36.825274,0.071765
32.723405,6.111080
30.339576,6.949407
30.747667,5.239748
28.986500,0.381246
36.104800,1.006951
28.199579,0.668474
23.894955,1.132120
36.839783,1.483285
39.510380,7.509709
40.174459,0.324518
42.242133,0.948212
41.651760,2.925775
38.828887,3.243844
31.096611,0.312600
34.568159,1.273187
24.625733,3.235785
40.593867,0.209914
40.677852,2.222448
37.284616,0.315859
47.720728,0.029415
40.649337,16.080891
18.934411,0.895448
30.602062,7.689374
