31.481855,2.245183
37.512897,5.363954
37.850805,5.891652
40.852350,6.005452
33.897487,5.371825
30.199222,6.503910
40.035748,0.502027
35.208714,4.818612
39.907138,3.961576
44.285082,7.088802
39.872364,8.192623
52.771911,23.429460
63.974479,48.360039
17.098367,1.288434
22.961403,6.642990
25.695410,2.409564
25.485968,7.467189
18.609988,2.961551
24.023167,4.597432
24.082295,5.394700
11.976023,1.292145
9.844002,0.031766
73.492369,1.384981
73.219177,3.467511
9.865450,0.466325
10.717897,0.542319
11.504039,1.753827
65.882060,7.438974
60.166530,3.586848
58.133667,4.739024
54.266074,1.773999
53.031052,8.520181
51.988972,8.353266
39.713010,13.500905
23.254228,2.596951
28.947007,4.239022
29.728619,3.426372
29.342883,7.700979
32.870475,5.390977
41.452481,1.703087
39.377365,4.753125
39.382229,4.252555
37.501031,5.523572
43.110518,5.317625
34.484268,5.221980
21.187202,4.971471
29.443551,4.531412
36.194373,2.276432
29.145203,1.129651
25.382791,2.666414
25.923529,2.458318
28.279176,2.771831
16.854384,0.840653
22.132689,2.102509
38.152558,23.185898
15.079409,2.847843
40.222310,0.103813
35.893128,8.856281
33.155852,10.055099
33.419336,7.563043
31.341894,0.548981
39.163818,1.452115
30.498662,0.962690
25.764887,1.628085
39.486830,2.126981
31.184891,7.024786
36.222506,0.397230
36.638345,1.087767
34.188969,3.001128
32.665970,3.507548
27.694731,0.375331
32.425982,1.644310
21.307637,3.695692
38.909877,0.277698
36.903281,2.745559
30.635368,0.324728
44.345557,0.037552
34.799884,18.002111
14.757630,0.803115
27.470812,9.349013
