30.372492,1.843791
35.680855,4.347759
35.518358,4.727193
38.103823,4.799428
31.391327,4.274571
27.578276,5.137146
38.180411,0.407818
33.801265,3.937966
38.771804,3.278172
43.585449,5.963541
39.127511,6.864277
51.239829,19.374418
61.713718,39.710050
17.693643,1.201787
23.772613,6.204264
25.503164,2.053087
27.006248,7.371080
19.956974,2.961513
25.761932,4.597265
25.825802,5.394553
12.825870,1.292145
10.476619,0.031766
68.454743,1.105908
67.892295,2.761276
10.441272,0.466523
11.262533,0.548923
12.163588,1.755583
61.442403,5.944633
56.585515,2.882394
54.916692,3.820563
51.418123,1.433489
50.661190,6.931745
49.845211,6.818200
38.163325,11.043968
24.007265,2.407580
29.889461,3.931633
30.382477,3.097088
31.438711,7.698499
35.142123,5.382889
44.164754,1.694964
41.790766,4.704382
41.558049,4.163618
39.490204,5.383341
45.154555,5.117034
36.140888,5.032415
22.342239,4.860248
31.079623,4.439464
38.383255,2.250193
30.955262,1.119439
27.185863,2.665161
27.762307,2.457055
30.317391,2.771825
17.978844,0.840653
23.602917,2.102508
37.345351,19.361807
16.171171,2.847787
36.711887,0.081976
32.663449,6.983410
30.250959,7.938572
30.606993,5.982283
28.806682,0.435036
35.917265,1.149410
28.026886,0.762808
23.725438,1.291459
36.506524,1.690914
33.345235,7.015006
36.839994,0.354987
37.902906,1.013850
36.127738,2.946794
34.209742,3.374002
28.324196,0.339850
32.360400,1.414110
22.065202,3.453563
38.406838,0.234604
37.425618,2.437914
32.361238,0.318620
44.461041,0.032569
36.194854,17.015213
15.772248,0.803115
27.995205,8.393665
