30.065289,1.636338
34.917471,3.840711
34.430054,4.161124
36.795827,4.218982
30.187404,3.752166
26.332001,4.498573
37.438239,0.360537
33.320707,3.488840
38.620654,2.917283
43.968641,5.339107
39.353232,6.136342
51.011919,17.237266
61.084030,35.240745
19.069578,1.132060
25.642805,5.850034
25.961512,1.846964
30.542378,7.528345
23.724094,3.437202
30.549642,5.309840
30.648850,6.240574
15.313634,1.510310
12.371781,0.037146
66.050669,0.971879
65.335328,2.424410
12.167357,0.545542
12.919333,0.642540
14.141496,2.052924
59.329064,5.225556
54.932821,2.538594
53.474800,3.368627
50.175808,1.264941
49.743494,6.131376
49.083712,6.037931
37.651654,9.787705
25.773239,2.257915
32.097055,3.688354
32.110132,2.860155
36.956316,8.705634
40.865320,5.908988
50.724938,1.798591
47.455321,4.850636
46.526696,4.161030
44.003824,5.330768
49.754274,4.968734
39.870156,4.896080
24.973758,4.841878
34.819698,4.442955
43.496925,2.308966
35.225152,1.160124
31.886594,2.996090
32.544822,2.758035
36.135235,3.231248
21.343273,0.983051
28.003143,2.458657
37.466159,17.287377
19.206590,3.299653
35.044234,0.071780
31.138106,6.112187
28.871897,6.950822
29.263700,5.241001
27.590911,0.381352
34.363857,1.007206
26.841713,0.668657
22.746088,1.132457
35.074096,1.483798
38.801131,7.714667
38.665035,0.325922
40.830480,0.954488
40.578210,2.964627
37.683473,3.274670
29.966520,0.314145
33.149605,1.276746
23.809825,3.257795
38.863175,0.210370
39.125588,2.231440
36.317427,0.319991
45.798541,0.029506
39.355784,16.204542
18.794245,0.939143
29.465460,7.724261
