33.885241,2.283405
40.448145,5.469385
40.883833,6.019818
44.161364,6.141045
36.678809,5.497934
32.741724,6.666630
43.154120,0.511668
37.919595,4.905296
42.917113,4.023177
47.551787,7.177733
42.828423,8.301219
56.756319,23.796844
68.859293,49.184338
18.253441,1.290372
24.511126,6.652577
27.563620,2.434723
27.125488,7.467591
19.728569,2.961551
25.477516,4.597432
25.537259,5.394700
12.672752,1.292145
10.361600,0.031766
79.459722,1.416496
79.213028,3.548381
10.336956,0.466177
11.174077,0.541145
12.044496,1.752848
71.219574,7.607048
64.968658,3.663720
62.737392,4.837430
58.540799,1.809991
57.149187,8.681195
56.000968,8.505608
42.765452,13.741215
24.831979,2.601650
30.910390,4.246596
31.782723,3.438310
31.149847,7.700979
34.924364,5.390983
44.078245,1.703102
41.900428,4.753294
41.940846,4.253127
39.948713,5.524655
45.955943,5.319930
36.757586,5.224070
22.565851,4.972233
31.355162,4.531987
38.518157,2.276532
31.008770,1.129683
26.951092,2.666415
27.526509,2.458318
29.959631,2.771831
17.774411,0.840653
23.335616,2.102511
40.993422,23.507126
15.988349,2.847843
43.612053,0.106416
38.934992,9.080948
35.952010,10.307584
36.217850,7.750008
33.949215,0.562342
42.435036,1.487802
33.036631,0.986139
27.900846,1.667373
42.736590,2.177335
33.131931,7.024793
38.746866,0.399007
39.114764,1.089442
36.403176,3.001434
34.822664,3.509096
29.605861,0.376587
34.761375,1.659177
22.745166,3.700931
41.765753,0.280983
39.487976,2.759568
32.621046,0.324764
47.514012,0.037847
37.128499,18.019299
15.587923,0.803115
29.378506,9.386899
