30.260038,1.639611
35.061183,3.845557
34.517413,4.164346
36.869512,4.221557
30.232177,3.753860
26.352081,4.499615
37.606402,0.361034
33.506131,3.494819
38.928615,2.924503
44.471674,5.358303
39.769030,6.156650
51.411664,17.279170
61.478457,35.311015
19.818722,1.148175
26.662091,5.934550
26.332292,1.855346
32.723318,7.783572
26.732264,3.900878
34.287045,5.952992
34.438900,7.021401
17.462084,1.776302
14.130350,0.044095
66.175831,0.972440
65.437730,2.425567
13.773460,0.647585
14.461487,0.762715
15.981949,2.436915
59.447316,5.228730
55.084439,2.540734
53.648290,3.371969
50.356880,1.266339
49.979993,6.140330
49.345764,6.047851
37.867782,9.805015
26.731023,2.287910
33.294626,3.737594
33.050324,2.888737
41.007283,9.468865
44.829162,6.284916
55.021101,1.882973
51.001487,5.029018
49.487072,4.277326
46.653459,5.467401
52.369848,5.072936
41.997435,5.000954
26.533676,4.973285
37.053123,4.568749
46.674071,2.390451
37.919566,1.204668
35.293368,3.240733
36.000057,2.979403
40.931956,3.728739
24.438039,1.166862
32.057257,2.918434
37.835420,17.340609
21.609451,3.727226
35.070223,0.071796
31.157798,6.113361
28.892895,6.952358
29.289554,5.242409
27.619921,0.381474
34.396355,1.007495
26.869707,0.668869
22.772228,1.132853
35.122434,1.484420
42.592007,8.214205
39.674042,0.328776
42.423536,0.967959
43.258275,3.052659
39.657264,3.342990
30.858969,0.317347
33.694224,1.283471
24.761118,3.305166
39.343769,0.211190
40.079433,2.249535
38.693213,0.329344
46.643274,0.029682
41.100295,16.473861
21.522149,1.113835
30.271959,7.795679
