26.310450,1.875493
30.999771,4.425017
30.933626,4.813314
33.217940,4.887707
27.395866,4.354013
24.113726,5.234306
33.154482,0.415025
29.311922,4.006517
33.532072,3.333434
37.569661,6.059652
33.753996,6.976167
44.321488,19.701610
53.461310,40.393002
14.946670,1.213794
20.075760,6.265566
21.929272,2.084961
22.331100,7.393346
15.642133,2.961530
20.324835,4.597336
20.337526,5.394616
9.752902,1.292145
7.246356,0.031766
59.689764,1.126291
59.239929,2.812504
6.598681,0.466524
6.336481,0.548734
7.561405,1.755590
53.564897,6.053996
49.262741,2.934708
47.772747,3.889361
44.704734,1.459157
43.977163,7.053785
43.236901,6.937260
33.087661,11.235758
20.308372,2.432844
25.281797,3.972751
25.837074,3.135218
25.181793,7.699402
28.488050,5.385444
36.164620,1.697191
34.474910,4.716186
34.548450,4.182066
32.904808,5.410968
37.815094,5.152010
30.250941,5.065897
18.588388,4.882922
25.828408,4.458682
31.701950,2.256407
25.503791,1.121969
21.837136,2.665603
22.315055,2.457497
23.513199,2.771828
12.880365,0.840653
16.840967,2.102508
32.238098,19.680324
12.707777,2.847812
32.102054,0.083527
28.572331,7.116005
26.453625,8.088869
26.752151,6.095048
25.166772,0.443201
31.388007,1.171041
24.486068,0.777128
20.722271,1.315640
31.867686,1.722411
27.014752,7.018117
31.397373,0.359609
32.024036,1.024044
29.984690,2.958471
28.652857,3.397212
24.078506,0.343995
27.777123,1.435434
18.631375,3.487518
33.078642,0.238340
31.935037,2.470569
26.870184,0.319921
38.104066,0.033047
30.475091,17.164726
11.623985,0.803115
23.838168,8.500585
