24.502711,1.624471
28.613607,3.820620
28.336631,4.145653
30.334370,4.205687
24.930729,3.742570
21.809512,4.491312
30.650548,0.358530
27.210591,3.466183
31.378084,2.892627
35.494631,5.279801
31.817703,6.072227
41.456991,17.093454
49.784653,34.985764
14.851088,1.094413
19.960765,5.652990
20.859495,1.822540
23.143316,6.992732
17.519312,2.906074
22.576752,4.509736
22.644104,5.292458
11.325779,1.268308
9.366301,0.031180
54.471262,0.968932
53.941924,2.417968
9.430197,0.457915
10.291278,0.539298
11.004997,1.723167
48.912200,5.209142
45.181021,2.528582
43.921525,3.353739
41.171316,1.258914
40.698845,6.095823
40.103817,5.999876
30.735188,9.722697
20.115973,2.187162
25.047788,3.572286
25.282049,2.789636
27.416897,7.533740
30.487642,5.236805
38.102583,1.632450
35.876027,4.481189
35.459106,3.910435
33.626657,5.033270
38.265072,4.736599
30.642460,4.663007
19.050359,4.557703
26.526389,4.172332
32.921685,2.139041
26.598327,1.068572
23.681877,2.605669
24.177476,2.401596
26.676931,2.720502
16.005097,0.825147
21.022318,2.063729
30.330952,17.116080
14.186725,2.794191
29.028197,0.071667
25.805828,6.103518
23.917031,6.939965
24.224771,5.231637
22.823999,0.380583
28.439202,1.005320
22.205011,0.667318
18.808862,1.130030
28.977610,1.480191
28.937475,6.827647
30.560110,0.318711
31.806874,0.922981
30.868598,2.776395
28.986502,3.122382
23.580429,0.306272
26.546779,1.257835
18.530103,3.147448
31.323598,0.207887
30.990840,2.185049
27.640485,0.299949
36.567988,0.029025
30.497034,15.587934
13.990100,0.788302
23.252638,7.545617
