27.759823,2.052936
32.929700,4.864136
33.066793,5.308293
35.606666,5.397230
29.460590,4.814599
26.090531,5.801927
35.175024,0.455886
30.999931,4.392467
35.258875,3.639810
39.252285,6.580622
35.317415,7.586190
46.617586,21.517192
56.409186,44.216161
15.207509,1.264386
20.420360,6.522472
22.814335,2.254410
22.398320,7.455290
15.529795,2.961550
20.185954,4.597429
20.196307,5.394698
9.676529,1.292145
7.188845,0.031766
64.021447,1.244043
63.668374,3.109279
6.546337,0.466528
6.288074,0.546752
7.501464,1.755500
57.419810,6.685257
52.605681,3.234883
50.909959,4.282744
47.573471,1.605548
46.618980,7.744510
45.755562,7.608560
34.976481,12.314332
20.690192,2.541906
25.754671,4.149958
26.470173,3.314061
25.044901,7.700898
28.390877,5.390527
36.137565,1.702404
34.543054,4.747625
34.745710,4.238964
33.136084,5.500140
38.205459,5.276925
30.552268,5.184261
18.702707,4.953948
25.970931,4.517552
31.780964,2.273327
25.540871,1.128555
21.726905,2.666368
22.204614,2.458269
23.335900,2.771831
12.778149,0.840653
16.707317,2.102508
33.773677,21.424953
12.618089,2.847842
34.741702,0.092593
30.961068,7.891982
28.633377,8.967325
28.909209,6.752874
27.153841,0.490743
33.898647,1.297135
26.421361,0.860515
22.339938,1.456296
34.294874,1.905200
26.919073,7.024257
32.251108,0.381951
32.588244,1.067130
30.129404,2.993344
28.951197,3.480321
24.658874,0.363344
28.817257,1.547056
18.948853,3.629481
34.509643,0.258464
32.853379,2.630879
27.005937,0.323838
39.436556,0.035508
30.917005,17.757831
11.531841,0.803115
24.459953,9.011345
