32.006250,2.052936
37.872097,4.864136
37.952093,5.308293
40.833683,5.397230
33.754827,4.814599
29.846542,5.801927
40.471910,0.455886
35.709376,4.392467
40.709165,3.639810
45.451711,6.580622
40.866749,7.586190
53.817029,21.517192
65.036823,44.216161
17.936693,1.264386
24.091961,6.522472
26.474829,2.254410
26.967393,7.455290
19.725001,2.961550
25.469994,4.597429
25.530681,5.394698
12.672567,1.292145
10.361598,0.031766
73.406716,1.244043
72.960179,3.109279
10.336559,0.466528
11.164059,0.546752
12.043641,1.755500
65.847966,6.685257
60.396858,3.234883
58.488164,4.282744
54.680324,1.605548
53.654883,7.744510
52.694256,7.608560
40.297283,12.314332
24.371359,2.541906
30.339694,4.149958
31.027099,3.314061
31.123313,7.700898
34.860002,5.390527
43.929765,1.702404
41.685825,4.747625
41.615166,4.238964
39.598969,5.500140
45.435069,5.276925
36.351645,5.184261
22.383232,4.953948
31.116119,4.517552
38.307397,2.273327
30.860779,1.128555
26.923399,2.666368
27.496961,2.458269
29.957266,2.771831
17.774410,0.840653
23.335615,2.102508
39.057680,21.424953
15.984830,2.847842
39.740945,0.092593
35.405607,7.891982
32.752396,8.967325
33.081074,6.752874
31.084510,0.490743
38.796292,1.297135
30.245425,0.860515
25.579210,1.456296
39.285882,1.905200
33.073159,7.024257
37.726888,0.381951
38.430260,1.067130
36.144070,2.993344
34.425475,3.480321
28.913100,0.363344
33.492813,1.547056
22.358694,3.629481
39.988883,0.258464
38.388932,2.630879
32.383497,0.323838
45.899597,0.035508
36.579118,17.757831
15.587913,0.803115
28.636193,9.011345
