30.313466,1.996454
35.879970,4.722869
35.954639,5.147849
38.680682,5.231609
31.969291,4.664441
28.252874,5.615953
38.341951,0.442764
33.825769,4.269115
38.544484,3.542940
42.997294,6.418538
38.669121,7.395606
50.956882,20.942786
61.597305,42.999105
16.794171,1.251446
22.552778,6.457050
25.024338,2.202434
24.837257,7.444229
17.266517,2.961549
22.441625,4.597423
22.453700,5.394692
10.760114,1.292145
7.993996,0.031766
69.534229,1.205745
69.103334,3.012574
7.279510,0.466531
6.991394,0.547574
8.341586,1.755575
62.375910,6.480055
57.219505,3.137692
55.412687,4.155674
51.805112,1.558343
50.829848,7.522945
49.916303,7.393790
38.170676,11.969882
22.839900,2.513456
28.431382,4.103796
29.171608,3.264212
27.834270,7.700750
31.536757,5.389889
40.113645,1.701620
38.315334,4.742238
38.500172,4.227800
36.702988,5.481928
42.278463,5.249083
33.812878,5.158109
20.721072,4.939818
28.778778,4.506072
35.246608,2.270366
28.334125,1.127451
24.144415,2.666287
24.674670,2.458187
25.947586,2.771831
14.209301,0.840653
18.578535,2.102508
36.964184,20.878074
14.028804,2.847840
37.618048,0.089622
33.509595,7.637462
31.002289,8.679427
31.318642,6.537550
29.432665,0.475200
36.731463,1.255880
28.637982,0.833252
24.221621,1.410343
37.205867,1.845569
29.902877,7.023497
35.514343,0.375575
35.986560,1.056082
33.393309,2.986697
32.036806,3.461757
27.178659,0.357972
31.636381,1.513207
20.928368,3.593401
37.819557,0.252231
36.160798,2.584578
29.929588,0.323086
43.326591,0.034770
34.171934,17.613464
12.823392,0.803115
26.943678,8.866918
