26.960561,1.639885
31.230236,3.845904
30.741424,4.164542
32.834804,4.221701
26.922780,3.753945
23.466363,4.499657
33.498622,0.361071
29.849628,3.495293
34.690187,2.925149
39.648027,5.360230
35.451143,6.158638
45.813336,17.282895
54.774874,35.316878
17.759143,1.150467
23.893730,5.946602
23.485929,1.856247
29.551115,7.824237
24.576265,3.994604
31.465201,6.076317
31.620989,7.173273
16.162334,1.845500
13.211880,0.046179
58.933587,0.972471
58.274864,2.425627
12.940236,0.678196
13.661505,0.798765
15.027198,2.552115
52.941834,5.228907
49.059475,2.540868
47.782463,3.372190
44.852451,1.266435
44.521841,6.141005
43.959607,6.048628
33.735949,9.806404
23.942308,2.292121
29.822098,3.744513
29.555142,2.892516
37.459012,9.602359
40.782659,6.347888
49.870815,1.896757
46.098612,5.057628
44.599170,4.295528
42.009240,5.488589
47.068836,5.088702
37.753407,5.016867
23.905834,4.993789
33.397730,4.588462
42.167976,2.403477
34.290826,1.211836
32.209375,3.283002
32.846976,3.017548
37.729823,3.839145
22.791358,1.221858
29.907362,3.056107
33.724226,17.345705
19.852800,3.811806
31.229778,0.071797
27.745632,6.113405
25.728892,6.952418
26.082343,5.242468
24.595781,0.381479
30.630059,1.007508
23.927696,0.668879
20.278992,1.132871
31.277495,1.484450
38.755917,8.298027
35.456876,0.329142
38.012659,0.969872
39.009828,3.066520
35.641431,3.353320
27.598222,0.317772
30.062139,1.284226
22.191115,3.311929
35.080962,0.211275
35.807827,2.251812
34.887435,0.330815
41.628994,0.029702
36.869834,16.513215
20.014091,1.165023
27.060681,7.804954
