34.276106,2.106354
40.642297,4.999515
40.808629,5.463482
43.945819,5.557974
36.365362,4.960859
32.220382,5.984142
43.415652,0.468436
38.269443,4.509723
43.551346,3.730661
48.532203,6.729605
43.655457,7.762284
57.579440,22.056327
69.650242,45.367330
19.005526,1.273959
25.525512,6.570665
28.233793,2.301353
28.454215,7.461413
20.720521,2.961551
26.765174,4.597431
26.826142,5.394699
13.291963,1.292145
10.821684,0.031766
79.017049,1.281240
78.588190,3.203416
10.755553,0.466515
11.567744,0.545778
12.523803,1.755332
70.867765,6.884430
64.921544,3.328763
62.829203,4.405132
58.712872,1.650918
57.542918,7.956078
56.482860,7.812971
43.179995,12.641438
25.833484,2.563360
32.158999,4.184726
32.941364,3.354334
32.736824,7.700952
36.701175,5.390802
46.295336,1.702787
43.969883,4.750518
43.945687,4.245588
41.832992,5.511280
48.044582,5.295164
38.435430,5.201270
23.639842,4.962415
32.856788,4.524331
40.412911,2.274942
32.546288,1.129139
28.324851,2.666398
28.929676,2.458301
31.451896,2.771831
18.592212,0.840653
24.404884,2.102508
41.738529,21.932355
16.793956,2.847843
42.905070,0.095504
38.241100,8.141683
35.362010,9.249501
35.697175,6.963611
33.525333,0.505932
41.855998,1.337490
32.621170,0.887161
27.580174,1.501170
42.334459,1.963327
34.818113,7.024582
40.084747,0.387239
40.722212,1.075324
38.158056,2.997203
36.403604,3.492503
30.693486,0.367666
35.688717,1.577202
23.688272,3.656011
42.680680,0.264160
40.806092,2.669803
34.190273,0.324277
48.874874,0.036156
38.726390,17.859823
16.325957,0.803115
30.416442,9.129888
