31.201005,1.604675
36.672901,3.784849
36.522481,4.115953
39.188595,4.179164
32.292104,3.722444
28.381056,4.474236
39.238356,0.355002
34.729597,3.427578
39.818864,2.852621
44.739509,5.187734
40.168327,5.971765
52.624810,16.859576
63.397414,34.560226
18.118953,1.042667
24.343360,5.382543
26.169223,1.785542
27.611280,6.375166
20.362840,2.557728
26.290282,3.970474
26.354175,4.659050
13.077951,1.115967
10.663761,0.027435
70.406560,0.962999
69.837783,2.404581
10.611688,0.402916
11.426243,0.474009
12.358867,1.516213
63.191828,5.176373
58.180969,2.509618
56.456781,3.326250
52.854700,1.247967
52.061778,6.033857
51.216620,5.934652
39.210042,9.612418
24.587580,2.089270
30.611675,3.411774
31.133594,2.689750
32.097823,6.649227
35.894548,4.650030
45.130508,1.464788
42.721201,4.067805
42.503354,3.603396
40.394756,4.660486
46.205946,4.433332
36.980939,4.359665
22.851649,4.206743
31.785848,3.841948
39.240516,1.945935
31.642210,0.967849
27.758460,2.301967
28.347699,2.122235
30.926248,2.393899
18.311491,0.726032
24.037849,1.815841
38.342650,16.845426
16.501121,2.459514
37.781092,0.071398
33.617446,6.082447
31.132309,6.914217
31.495419,5.210173
29.639860,0.378874
36.958405,1.001047
28.837651,0.664333
24.410323,1.124714
37.555955,1.472533
34.058346,6.059853
37.759928,0.308393
38.814633,0.879638
36.945568,2.549754
35.006631,2.923248
29.023364,0.295137
33.197652,1.229595
22.594677,2.996094
39.419041,0.204067
38.365504,2.118268
33.094718,0.275706
45.601973,0.028314
37.053928,14.754538
16.072473,0.693614
28.691422,7.291056
