27.144087,1.639669
31.448983,3.845632
30.960179,4.164390
33.069540,4.221589
27.116037,3.753879
23.635616,4.499625
33.732278,0.361042
30.055204,3.494920
34.921489,2.924639
39.898190,5.358701
35.678175,6.157063
46.119411,17.279955
55.147838,35.312263
17.801295,1.148620
23.948606,5.936887
23.626516,1.855530
29.447262,7.791281
24.182211,3.918183
30.996960,5.975897
31.139767,7.049565
15.839803,1.788551
12.912137,0.044449
59.355275,0.972447
58.692909,2.425581
12.664067,0.652788
13.396290,0.768841
14.710703,2.456497
53.320345,5.228770
49.407867,2.540764
48.120206,3.372017
45.168312,1.266360
44.831454,6.140476
44.263198,6.048018
33.967784,9.805312
24.007452,2.288729
29.902520,3.738940
29.671978,2.889480
37.017725,9.493869
40.419658,6.296758
49.559645,1.885574
45.905894,5.034434
44.510326,4.280790
41.952863,5.471440
47.072197,5.075957
37.750726,5.004001
23.863546,4.977189
33.327892,4.572499
42.005989,2.392918
34.135188,1.206024
31.850795,3.248658
32.486406,2.986557
37.063792,3.748869
22.274035,1.176218
29.227435,2.941848
33.942718,17.341670
19.543267,3.742882
31.455052,0.071797
27.945895,6.113372
25.914501,6.952372
26.270328,5.242423
24.772865,0.381475
30.850737,1.007498
24.099979,0.668872
20.424902,1.132857
31.502183,1.484427
38.404906,8.229964
35.613687,0.328848
38.104565,0.968330
38.913884,3.055293
35.645212,3.344970
27.705240,0.317430
30.234276,1.283624
22.241329,3.306477
35.298706,0.211208
35.974985,2.249987
34.805892,0.329624
41.856759,0.029686
36.926053,16.481456
19.573530,1.122609
27.175332,7.797510
