23.220974,1.394708
26.976237,3.273493
26.604327,3.546526
28.433960,3.595817
23.328518,3.197933
20.350480,3.834053
28.922449,0.307292
25.738204,2.973633
29.822999,2.486539
33.936614,4.550928
30.378026,5.230427
39.392285,14.692119
47.178469,30.036908
14.643812,0.965223
19.689441,4.987917
20.029680,1.574351
23.243832,6.422235
17.458826,2.938194
22.588234,4.538144
22.631677,5.333912
11.011356,1.291490
8.223719,0.031766
51.041187,0.828327
50.490058,2.066302
7.488976,0.466517
7.190650,0.549466
8.581584,1.755545
45.846554,4.453714
42.445937,2.163649
41.317160,2.871102
38.766627,1.078122
38.427535,5.225894
37.915198,5.146280
29.082973,8.342340
19.800902,1.925107
24.658526,3.144710
24.709318,2.438363
27.609751,7.436109
30.761988,5.044611
38.406802,1.534854
36.072537,4.138266
35.499133,3.549104
33.609056,4.546537
38.083031,4.237235
30.511066,4.175327
19.061433,4.129737
26.562607,3.789604
33.083669,1.969791
26.758479,0.989789
23.866136,2.558859
24.369254,2.355474
26.384514,2.762678
14.613774,0.840652
19.108536,2.102508
28.924182,14.735122
14.160998,2.820429
27.083712,0.061177
24.065118,5.209299
22.313489,5.924059
22.615974,4.466819
21.322856,0.325020
26.557396,0.858426
20.743876,0.569887
17.578510,0.965178
27.105181,1.264624
29.197263,6.586330
29.771382,0.277848
31.356208,0.813819
30.936845,2.528763
28.845247,2.792563
23.057520,0.267819
25.566914,1.088320
18.281175,2.777702
29.992028,0.179316
30.135443,1.902268
27.694007,0.272942
35.311087,0.025152
30.186686,13.817291
13.175377,0.803103
22.682475,6.585017
