25.676367,1.633630
29.863978,3.836334
29.479466,4.157928
31.517867,4.216309
25.868182,3.750304
22.578903,4.497275
32.012073,0.360096
28.472135,3.483748
32.954603,2.911546
37.449269,5.324858
33.533157,6.121040
43.531287,17.203854
52.167627,35.182591
16.061724,1.122270
21.594823,5.798764
22.081488,1.840989
25.492296,7.383033
19.643677,3.251112
25.297149,5.035214
25.378260,5.913032
12.701674,1.422417
10.404870,0.034972
56.581204,0.971290
55.983222,2.423152
10.376014,0.513611
11.199356,0.604938
12.088804,1.932766
50.819330,5.222258
47.026530,2.536506
45.762589,3.365466
42.928598,1.263647
42.526692,6.123513
41.947257,6.029415
32.169440,9.773050
21.723526,2.239563
27.052320,3.658243
27.140858,2.842078
30.632886,8.331434
33.932714,5.709223
42.214401,1.751807
39.578095,4.749649
38.908684,4.093987
36.831980,5.251565
41.734031,4.907497
33.435626,4.834543
20.891033,4.765984
29.114654,4.370496
36.290870,2.262700
29.366312,1.134988
26.439399,2.873477
26.987489,2.646538
29.927901,3.048496
17.849906,0.925512
23.434781,2.314747
31.936971,17.246743
15.903257,3.123857
30.049991,0.071760
26.703405,6.110674
24.757633,6.948893
25.089871,5.239296
23.652031,0.381209
29.460904,1.006859
23.009965,0.668408
19.497155,1.132000
30.058341,1.483104
32.215043,7.450091
32.721051,0.324085
34.393343,0.946297
33.913213,2.914073
31.610764,3.234505
25.324256,0.312125
28.167302,1.272071
20.049843,3.229077
33.085537,0.209769
33.133213,2.219669
30.357100,0.314614
38.880253,0.029386
33.094100,16.043292
15.650244,0.884184
24.923457,7.678633
