32.894564,2.052936
38.925847,4.864136
39.010230,5.308293
41.973096,5.397230
34.697566,4.814599
30.681439,5.801927
41.597511,0.455886
36.701374,4.392467
41.837449,3.639810
46.707784,6.580622
41.996906,7.586190
55.308791,21.517192
66.841917,44.216161
18.423333,1.264386
24.745412,6.522472
27.204888,2.254410
27.684139,7.455290
20.221954,2.961550
26.115945,4.597429
26.176963,5.394698
12.982216,1.292145
10.591641,0.031766
75.455402,1.244043
74.997567,3.109279
10.546042,0.466528
11.365277,0.546752
12.283688,1.755500
67.685400,6.685257
62.080239,3.234883
60.117283,4.282744
56.202675,1.605548
55.146690,7.744510
54.158434,7.608560
41.416530,12.314332
25.033445,2.541906
31.163843,4.149958
31.874144,3.314061
31.924750,7.700898
35.768510,5.390527
45.086167,1.702404
42.791203,4.747625
42.727029,4.238964
40.659324,5.500140
46.657644,5.276925
37.329318,5.184261
22.981719,4.953948
31.947188,4.517552
39.324387,2.273327
31.678086,1.128555
27.618660,2.666368
28.207509,2.458269
30.704015,2.771831
18.183311,0.840653
23.870249,2.102508
40.138438,21.424953
16.388609,2.847842
40.852680,0.092593
36.396361,7.891982
33.668664,8.967325
34.006169,6.752874
31.953433,0.490743
39.881049,1.297135
31.090908,0.860515
26.294088,1.456296
40.383318,1.905200
33.934570,7.024257
38.758923,0.381951
39.473084,1.067130
37.108211,2.993344
35.351914,3.480321
29.702184,0.363344
34.414965,1.547056
22.965057,3.629481
41.093192,0.258464
39.440240,2.630879
33.247687,0.323838
47.161567,0.035508
37.568463,17.757831
15.956932,0.803115
29.418912,9.011345
