34.508637,1.624471
40.313812,3.820620
39.934861,4.145653
42.754715,4.205687
35.142330,3.742570
30.747772,4.491312
43.180913,0.358530
38.327882,3.466183
44.181407,2.892627
49.951932,5.279801
44.783077,6.072227
58.374076,17.093454
70.114937,34.985764
20.817631,1.094413
27.978252,5.652990
29.343782,1.822540
32.272088,6.992732
24.059635,2.906074
31.065583,4.509736
31.141146,5.292458
15.414062,1.268308
12.406036,0.031180
76.776065,0.968932
76.035119,2.417968
12.198244,0.457915
12.949092,0.539298
14.176889,1.723167
68.939328,5.209142
63.671030,2.528582
61.890625,3.353739
58.011505,1.258914
57.334574,6.095823
56.490898,5.999876
43.291282,9.722697
28.206467,2.187162
35.121061,3.572286
35.490308,2.789636
37.893825,7.533740
42.283466,5.236805
52.993115,1.632450
49.996096,4.481189
49.514286,3.910435
46.982717,5.033270
53.530036,4.736599
42.861211,4.663007
26.606796,4.557703
37.037554,4.172332
45.893550,2.139041
37.054340,1.068572
32.758432,2.605669
33.450430,2.401596
36.520884,2.720502
21.408133,0.825147
28.086770,2.063729
42.694956,17.116080
19.497970,2.794191
40.925131,0.071667
36.383135,6.103518
33.719324,6.939965
34.151861,5.231637
32.175779,0.380583
40.092726,1.005320
31.303233,0.667318
26.514905,1.130030
40.847735,1.480191
40.126532,6.827647
42.918748,0.318711
44.587295,0.922981
43.086079,2.776395
40.551226,3.122382
33.099270,0.306272
37.332930,1.257835
25.972167,3.147448
44.076092,0.207887
43.534140,2.185049
38.584566,0.299949
51.411261,0.029025
42.717446,15.587934
18.865649,0.788302
32.650255,7.545617
