17.537519,1.394708
20.373662,3.273493
20.092778,3.546526
21.474599,3.595817
17.618741,3.197933
15.369593,3.834053
21.843528,0.307292
19.438643,2.973633
22.523663,2.486539
25.630450,4.550928
22.942845,5.230427
29.750816,14.692119
35.631291,30.036908
11.059662,0.965223
14.870347,4.987917
15.127311,1.574351
17.554782,6.422235
13.185686,2.938194
17.059646,4.538144
17.092455,5.333912
8.316269,1.291490
6.210921,0.031766
38.548589,0.828327
38.132352,2.066302
5.656010,0.466517
5.430701,0.549466
6.481196,1.755545
34.625370,4.453714
32.057071,2.163649
31.204568,2.871102
29.278292,1.078122
29.022195,5.225894
28.635254,5.146280
21.964763,8.342340
14.954527,1.925107
18.623223,3.144710
18.661583,2.438363
20.852120,7.436109
23.232830,5.044611
29.006536,1.534854
27.243594,4.138266
26.810534,3.549104
25.383063,4.546537
28.762009,4.237235
23.043322,4.175327
14.396048,4.129737
20.061270,3.789604
24.986267,1.969791
20.209201,0.989789
18.024774,2.558859
18.404751,2.355474
19.926766,2.762678
11.036976,0.840652
14.431622,2.102508
21.844836,14.735122
10.695019,2.820429
20.454832,0.061177
18.175054,5.209299
16.852146,5.924059
17.080596,4.466819
16.103975,0.325020
20.057334,0.858426
15.666704,0.569887
13.276077,0.965178
20.471046,1.264624
22.051080,6.586330
22.484680,0.277848
23.681612,0.813819
23.364890,2.528763
21.785221,2.792563
17.414071,0.267819
19.309278,1.088320
13.806761,2.777702
22.651322,0.179316
22.759635,1.902268
20.915754,0.272942
26.668513,0.025152
22.798336,13.817291
9.950634,0.803103
17.130820,6.585017
