27.870711,1.467110
32.407049,3.444894
31.982780,3.733364
34.191433,3.785669
28.060054,3.367154
24.488697,4.037615
34.739732,0.323360
30.902190,3.128506
35.776695,2.614942
40.669846,4.783135
36.414036,5.498109
47.258446,15.451172
56.625828,31.596295
17.474245,1.009397
23.494451,5.215683
23.986328,1.653899
27.763334,6.655892
21.376123,2.951139
27.536354,4.568815
27.622446,5.366011
13.797321,1.291945
11.224136,0.031766
61.379744,0.872080
60.727702,2.175602
11.122086,0.466517
11.915707,0.549472
12.943725,1.755545
55.130097,4.688870
51.021580,2.277533
49.653700,3.021935
46.581069,1.134682
46.151783,5.498875
45.526179,5.414528
34.915769,8.776551
23.631571,2.014092
29.428623,3.289969
29.512401,2.554950
33.361443,7.547822
36.962467,5.162825
45.983304,1.581562
43.106546,4.283275
42.367526,3.688217
40.102490,4.729771
45.428801,4.417451
36.396715,4.352013
22.747474,4.293201
31.703260,3.937489
39.525122,2.040177
31.985246,1.023730
28.796295,2.602180
29.393645,2.396434
32.549340,2.768245
19.305693,0.840653
25.338347,2.102508
34.678399,15.491080
17.307934,2.835232
32.591569,0.064425
28.961248,5.486058
26.851510,6.238640
27.212730,4.703836
25.654085,0.342253
31.953996,0.903962
24.957630,0.600103
21.147911,1.016328
32.604647,1.331574
35.091256,6.737761
35.573459,0.291300
37.417539,0.851111
36.930188,2.625786
34.409077,2.911481
27.537854,0.280598
30.602375,1.142902
21.813771,2.904417
35.933792,0.188436
36.017678,1.994972
33.057218,0.283474
42.247883,0.026404
36.012556,14.433813
16.962449,0.803113
27.098215,6.902265
