33.188064,1.639669
38.452020,3.845632
37.854634,4.164390
40.433803,4.221589
33.154567,3.753879
28.899137,4.499625
41.243678,0.361042
36.747585,3.494920
42.696768,2.924639
48.780157,5.358701
43.621035,6.157063
56.387965,17.279955
67.427217,35.312263
21.754748,1.148620
29.267001,5.936887
28.885355,1.855530
35.950894,7.791281
29.387151,3.918183
37.694706,5.975897
37.861094,7.049565
19.182064,1.788551
15.445352,0.044449
72.573139,0.972447
71.763345,2.425581
14.972126,0.652788
15.612415,0.768841
17.355504,2.456497
65.194266,5.228770
60.410345,2.540764
58.835818,3.372017
55.226493,1.266360
54.814308,6.140476
54.119339,6.048018
41.531334,9.805312
29.340562,2.288729
36.545069,3.738940
36.268905,2.889480
45.082998,9.493869
49.277283,6.296758
60.466523,1.885574
56.036414,5.034434
54.357332,4.280790
51.240243,5.471440
57.506788,5.075957
46.117937,5.004001
29.144093,4.977189
40.700244,4.572499
51.279702,2.392918
41.664780,1.206024
38.800274,3.248658
39.576921,2.986557
44.988910,3.748869
26.768190,1.176218
35.105688,2.941848
41.499470,17.341670
23.756295,3.742882
38.459920,0.071797
34.169300,6.113372
31.685519,6.952372
32.120576,5.242423
30.289625,0.381475
37.721010,1.007498
29.466893,0.668872
24.973392,1.132857
38.517485,1.484427
46.818669,8.229964
43.533919,0.328848
46.567405,0.968330
47.518507,3.055293
43.547003,3.344970
33.864609,0.317430
36.963023,1.283624
27.180455,3.306477
43.156387,0.211208
43.976730,2.249987
42.503172,0.329624
51.170909,0.029686
45.121559,16.481456
23.610258,1.122609
33.218250,7.797510
