22.398536,1.643723
26.182104,3.865429
25.946386,4.193881
27.782296,4.254461
22.838772,3.785827
19.986518,4.542935
28.041499,0.362742
24.883223,3.507102
28.666009,2.927117
32.381508,5.343589
29.037272,6.145350
37.875889,17.297152
45.509767,35.400352
13.389978,1.109096
17.993100,5.728976
19.008277,1.844788
20.515359,7.102310
14.720779,2.960528
19.104758,4.593994
19.123745,5.391441
9.203808,1.292138
6.843773,0.031766
49.890973,0.980161
49.413657,2.445931
6.232085,0.466518
5.983893,0.549441
7.141318,1.755550
44.797339,5.269550
41.365845,2.558034
40.204199,3.392904
37.680837,1.273643
37.230357,6.167528
36.677104,6.070637
28.104318,9.837564
18.154427,2.216248
22.603809,3.619821
22.896025,2.825601
23.572387,7.671978
26.530993,5.329432
33.479155,1.659833
31.736231,4.552646
31.577287,3.969268
30.002476,5.107683
34.279352,4.804038
27.439664,4.729649
16.976000,4.625863
23.615549,4.235272
29.153784,2.172850
23.502364,1.085769
20.420233,2.653177
20.861731,2.445310
22.158832,2.771578
12.164570,0.840653
15.905146,2.102508
27.688345,17.321647
11.954018,2.846498
26.602101,0.072490
23.650393,6.173587
21.918274,7.019706
22.198528,5.291832
20.913171,0.384968
26.059636,1.016893
20.346090,0.675006
17.233355,1.143060
26.547399,1.497287
25.166758,6.948723
27.713437,0.322771
28.681116,0.935350
27.451185,2.818694
25.969787,3.166797
21.350399,0.310228
24.169913,1.273308
16.701895,3.189792
28.565690,0.210407
28.124279,2.212709
24.589413,0.304504
33.266699,0.029384
27.431827,15.801631
10.976837,0.803115
21.075297,7.642200
