33.782878,2.052936
39.979598,4.864136
40.068367,5.308293
43.112509,5.397230
35.640305,4.814599
31.516336,5.801927
42.723112,0.455886
37.693372,4.392467
42.965733,3.639810
47.963857,6.580622
43.127063,7.586190
56.800554,21.517192
68.647011,44.216161
18.909974,1.264386
25.398864,6.522472
27.934947,2.254410
28.400886,7.455290
20.718908,2.961550
26.761895,4.597429
26.823245,5.394698
13.291865,1.292145
10.821684,0.031766
77.504088,1.244043
77.034955,3.109279
10.755525,0.466528
11.566496,0.546752
12.523734,1.755500
69.522834,6.685257
63.763621,3.234883
61.746401,4.282744
57.725026,1.605548
56.638497,7.744510
55.622612,7.608560
42.535777,12.314332
25.695531,2.541906
31.987993,4.149958
32.721190,3.314061
32.726187,7.700898
36.677018,5.390527
46.242569,1.702404
43.896581,4.747625
43.838891,4.238964
41.719678,5.500140
47.880219,5.276925
38.306990,5.184261
23.580206,4.953948
32.778258,4.517552
40.341378,2.273327
32.495394,1.128555
28.313921,2.666368
28.918057,2.458269
31.450764,2.771831
18.592212,0.840653
24.404883,2.102508
41.219196,21.424953
16.792388,2.847842
41.964414,0.092593
37.387115,7.891982
34.584932,8.967325
34.931264,6.752874
32.822356,0.490743
40.965805,1.297135
31.936392,0.860515
27.008966,1.456296
41.480754,1.905200
34.795980,7.024257
39.790958,0.381951
40.515907,1.067130
38.072352,2.993344
36.278352,3.480321
30.491268,0.363344
35.337118,1.547056
23.571421,3.629481
42.197500,0.258464
40.491548,2.630879
34.111876,0.323838
48.423536,0.035508
38.557807,17.757831
16.325950,0.803115
30.201630,9.011345
