28.873763,1.996454
34.089772,4.722869
34.091139,5.147849
36.646163,5.231609
30.260900,4.664441
26.702310,5.615953
36.444727,0.442764
32.189497,4.269115
36.765925,3.542940
41.135320,6.418538
36.968005,7.395606
48.599444,20.942786
58.670634,42.999105
16.378644,1.251446
22.001423,6.457050
23.994087,2.202434
24.758507,7.444229
18.231940,2.961549
23.527803,4.597423
23.587969,5.394692
11.743463,1.292145
9.671469,0.031766
65.865393,1.205745
65.420533,3.012574
9.708097,0.466531
10.559610,0.547574
11.323465,1.755575
59.094186,6.480055
54.270975,3.137692
52.591419,4.155674
49.190243,1.558343
48.328931,7.522945
47.490397,7.393790
36.330828,11.969882
22.244033,2.513456
27.692324,4.103796
28.264400,3.264212
28.705821,7.700750
32.105945,5.389889
40.400522,1.701620
38.288430,4.742238
38.164213,4.227800
36.296412,5.481928
41.593943,5.249083
33.282903,5.158109
20.523517,4.939818
28.537981,4.506072
35.177450,2.270366
28.352187,1.127451
24.824230,2.666287
25.351126,2.458187
27.715392,2.771831
16.547707,0.840653
21.731712,2.102508
35.316984,20.878074
14.771380,2.847840
35.551621,0.089622
31.659703,7.637462
29.298203,8.679427
29.608505,6.537550
27.836004,0.475200
34.730739,1.255880
27.083931,0.833252
22.912377,1.410343
35.210740,1.845569
30.462724,7.023497
34.337112,0.375575
35.090037,1.056082
33.158563,2.986697
31.514073,3.461757
26.342143,0.357972
30.382588,1.513207
20.419442,3.593401
36.208659,0.252231
34.921751,2.584578
29.705900,0.323086
41.670216,0.034770
33.436196,17.613464
14.480843,0.803115
26.072732,8.866918
