33.988625,1.639969
39.368420,3.846007
38.750670,4.164597
41.388972,4.221740
33.936401,3.753968
29.579222,4.499667
42.228369,0.361082
37.629680,3.495438
43.735533,2.925353
49.993070,5.360866
44.699472,6.159289
57.758711,17.284073
69.053509,35.318692
22.428350,1.151329
30.176760,5.951139
29.617711,1.856552
37.404452,7.840293
31.190388,4.033370
39.933883,6.126855
40.131834,7.235657
20.486782,1.876265
16.554450,0.047186
74.286885,0.972479
73.456091,2.425642
15.989811,0.692996
16.589685,0.816197
18.521755,2.607804
66.734300,5.228955
61.841551,2.540906
60.232535,3.372253
56.539620,1.266463
56.124677,6.141206
55.416909,6.048863
42.529177,9.806828
30.232972,2.293696
37.657999,3.747101
37.301999,2.893896
47.524600,9.656335
51.708061,6.373172
63.181998,1.902255
58.363124,5.068957
56.420455,4.302658
53.131149,5.496856
59.498119,5.094787
47.725432,5.023016
30.239716,5.001810
42.251552,4.596189
53.380446,2.408627
43.419222,1.214679
40.859317,3.300063
41.666831,3.032938
47.873363,3.885757
28.703435,1.248363
37.644224,3.122514
42.520806,17.347359
25.196146,3.846651
39.364953,0.071797
34.973159,6.113416
32.431112,6.952433
32.876704,5.242483
31.002975,0.381480
38.609120,1.007511
30.160850,0.668881
25.561703,1.132876
39.425485,1.484458
49.140370,8.331695
44.742177,0.329274
48.006037,0.970591
49.358114,3.071963
45.052519,3.357305
34.833204,0.317928
37.914785,1.284485
28.026810,3.314477
44.236145,0.211303
45.180550,2.252628
44.140182,0.331392
52.508418,0.029710
46.579344,16.528180
25.295711,1.189273
34.149787,7.808319
