36.520910,1.639916
42.303859,3.845943
41.641278,4.164563
44.476757,4.221716
36.468455,3.753954
31.786433,4.499661
45.376694,0.361075
40.434158,3.495347
46.992088,2.925224
53.709734,5.360462
48.023990,6.158875
62.059677,17.283327
74.198303,35.317546
24.062849,1.150772
32.375007,5.948208
31.816358,1.856358
40.035980,7.829862
33.179295,4.008063
42.508809,6.093892
42.711298,7.194958
21.735002,1.856035
17.475005,0.046517
79.829112,0.972474
78.936691,2.425633
16.826761,0.683166
17.393262,0.804619
19.480790,2.570808
71.712959,5.228926
66.454376,2.540882
64.724783,3.372214
60.756022,1.266445
60.308688,6.141079
59.547360,6.048715
45.698612,9.806561
32.440426,2.292679
40.407230,3.745430
40.043474,2.893008
50.673272,9.621173
55.212143,6.356713
67.546596,1.898679
62.451355,5.061595
60.428326,4.298030
56.920515,5.491493
63.777706,5.090845
51.155351,5.019031
32.390791,4.996605
45.251074,4.591173
57.127966,2.405281
46.453466,1.212831
43.580690,3.288951
44.445452,3.022915
50.874714,3.855270
30.343973,1.230764
39.788389,3.078416
45.684327,17.346309
26.809824,3.823913
42.302386,0.071797
37.582911,6.113409
34.851144,6.952424
35.329933,5.242474
33.316331,0.381480
41.490071,1.007509
32.411372,0.668880
27.469017,1.132873
42.367144,1.484454
52.466546,8.309778
48.038391,0.329189
51.505398,0.970126
52.854070,3.068429
48.293721,3.354723
37.392234,0.317828
40.725946,1.284320
30.068061,3.312831
47.523299,0.211285
48.513190,2.252104
47.268961,0.331017
56.396896,0.029705
49.957883,16.518501
26.780689,1.173209
36.663263,7.806155
