32.656929,2.283405
39.110162,5.469385
39.642020,6.019818
42.869604,6.141045
35.652473,5.497934
31.901117,6.666630
41.702566,0.511668
36.588345,4.905296
41.287789,4.023177
45.581115,7.177733
41.088962,8.301219
54.610172,23.796844
66.364896,49.184338
17.127938,1.290372
22.992487,6.652577
26.351778,2.434723
24.896870,7.467591
17.148711,2.961551
22.293340,4.597432
22.303760,5.394700
10.683086,1.292145
7.936487,0.031766
77.154987,1.416496
76.978979,3.548381
7.227580,0.466177
6.952750,0.541145
8.282531,1.752848
69.137842,7.607048
62.967435,3.663720
60.750281,4.837430
56.650922,1.809991
55.205447,8.681195
54.051553,8.505608
41.254402,13.741215
23.334727,2.601650
29.043668,4.246596
30.031413,3.438310
27.677956,7.700979
31.412381,5.390983
40.054710,1.703102
38.365107,4.753294
38.707665,4.253127
36.956381,5.524655
42.736040,5.319930
34.163967,5.224070
20.843148,4.972233
28.927629,4.531987
35.311649,2.276532
28.355438,1.129683
24.016129,2.666415
24.545503,2.458318
25.765364,2.771831
14.107077,0.840653
18.444878,2.102511
39.356932,23.507126
13.934135,2.847843
42.496025,0.106416
37.956641,9.080948
35.034091,10.307584
35.271387,7.750008
33.042409,0.562342
41.316715,1.487802
32.155124,0.986139
27.146902,1.667373
41.552996,2.177335
29.781529,7.024793
36.696363,0.399007
36.709682,1.089442
33.540045,3.001434
32.387021,3.509096
27.964490,0.376587
33.171317,1.659177
21.332969,3.700931
39.999483,0.280983
37.445853,2.759568
30.068677,0.324764
45.265006,0.037847
34.720083,18.019299
12.731164,0.803115
27.797890,9.386899
