25.183644,1.635428
29.261630,3.839262
28.863189,4.160085
30.850384,4.218121
25.313056,3.751573
22.084561,4.498170
31.371647,0.360391
27.915350,3.487137
32.341070,2.915341
36.798023,5.334228
32.939985,6.131115
42.718604,17.225960
51.166126,35.221194
15.905262,1.128607
21.386815,5.831945
21.718047,1.844904
25.416080,7.476567
19.761080,3.365692
25.433104,5.205293
25.519249,6.115527
12.798313,1.475869
10.486195,0.036292
55.379715,0.971690
54.784468,2.424009
10.450155,0.532998
11.270539,0.627768
12.173762,2.005724
49.742831,5.224493
46.048572,2.537913
44.821479,3.367590
42.052988,1.264515
41.680698,6.128760
41.123065,6.035087
31.542649,9.782798
21.500974,2.251448
26.776139,3.677742
26.809706,2.853813
30.740947,8.566989
33.984704,5.836454
42.190721,1.781805
39.484455,4.814604
38.733612,4.137203
36.641025,5.302646
41.451383,4.947037
33.214758,4.874271
20.792181,4.814914
28.986624,4.417198
36.193580,2.292470
29.306433,1.151148
26.521419,2.950896
27.068398,2.716987
30.129499,3.160264
17.993421,0.960450
23.622727,2.402128
31.364128,17.273527
15.994719,3.232333
29.391664,0.071774
26.116442,6.111721
24.215016,6.950224
24.542505,5.240469
23.138497,0.381307
28.819329,1.007097
22.510252,0.668579
19.074981,1.132313
29.411504,1.483577
32.268111,7.618516
32.294470,0.325279
34.056134,0.951599
33.776794,2.946646
31.395386,3.260440
25.018535,0.313436
27.722550,1.275129
19.857676,3.247662
32.520420,0.210164
32.685904,2.227327
30.231238,0.318079
38.289911,0.029464
32.810159,16.147552
15.776580,0.917557
24.606959,7.708276
