25.584351,1.639669
29.641748,3.845632
29.180965,4.164390
31.169085,4.221589
25.557706,3.753879
22.277288,4.499625
31.793853,0.361042
28.328138,3.494920
32.914966,2.924639
37.606070,5.358701
33.628405,6.157063
43.469461,17.279955
51.978966,35.312263
16.781049,1.148620
22.576117,5.936887
22.269396,1.855530
27.768906,7.791281
22.839000,3.918183
29.268510,5.975897
29.405231,7.049565
14.977284,1.788551
12.258404,0.044449
55.944213,0.972447
55.319893,2.425581
12.068439,0.652788
12.824387,0.768841
14.028174,2.456497
50.256107,5.228770
46.568518,2.540764
45.354886,3.372017
42.572652,1.266360
42.255234,6.140476
41.719678,6.048018
32.015900,9.805312
22.631165,2.288729
28.188313,3.738940
27.969546,2.889480
34.936365,9.493869
38.133819,6.296758
46.744966,1.885574
43.291566,5.034434
41.969163,4.280790
39.556120,5.471440
44.379400,5.075957
35.591446,5.004001
22.500824,4.977189
31.425349,4.572499
39.612773,2.392918
32.192068,1.206024
30.057381,3.248658
30.656596,2.986557
35.018600,3.748869
21.114253,1.176218
27.710467,2.941848
31.992589,17.341670
18.456034,3.742882
29.647344,0.071797
26.339855,6.113372
24.425206,6.952372
24.760587,5.242423
23.349185,0.381475
29.077764,1.007498
22.714970,0.668872
19.251098,1.132857
29.691782,1.484427
36.233612,8.229964
33.569757,0.328848
35.920606,0.968330
36.693336,3.055293
33.606040,3.344970
26.115725,0.317430
28.497826,1.283624
20.966715,3.306477
33.270918,0.211208
33.910018,2.249987
32.819497,0.329624
39.453107,0.029686
34.811083,16.481456
18.531794,1.122609
25.615869,7.797510
