24.976862,1.467110
29.040293,3.444894
28.658853,3.733364
30.637509,3.785669
25.143071,3.367154
21.942524,4.037615
31.130957,0.323360
27.692880,3.128506
32.063294,2.614942
36.452135,4.783135
32.636865,5.498109
42.353148,15.451172
50.746274,31.596295
15.676058,1.009397
21.077110,5.215683
21.500563,1.653899
24.940507,6.655892
19.289152,2.951139
24.833087,4.568815
24.914918,5.366011
12.485614,1.291945
10.246468,0.031766
54.999649,0.872080
54.414884,2.175602
10.231788,0.466517
11.060873,0.549472
11.923537,1.755545
49.399755,4.688870
45.719258,2.277533
44.494128,3.021935
41.741196,1.134682
41.357820,5.498875
40.797858,5.414528
31.289785,8.776551
21.198152,2.014092
26.398402,3.289969
26.466270,2.554950
30.045916,7.547822
33.255304,5.162825
41.338112,1.581562
38.730327,4.283275
38.045520,3.688217
36.005967,4.729771
40.774842,4.417451
32.669110,4.352013
20.425860,4.293201
28.469819,3.937489
35.509382,2.040177
28.740767,1.023730
25.928128,2.602180
26.464468,2.396434
29.400241,2.768245
17.568112,0.840653
23.066406,2.102508
31.080638,15.491080
15.614431,2.835232
29.202895,0.064425
25.949951,5.486058
24.059643,6.238640
24.383415,4.703836
22.986934,0.342253
28.631782,0.903962
22.362881,0.600103
18.949301,1.016328
29.215145,1.331574
31.573368,6.737761
31.898423,0.291300
33.566762,0.851111
33.166617,2.625786
30.883792,2.911481
24.695937,0.280598
27.432704,1.142902
19.569500,2.904417
32.208094,0.188436
32.294981,1.994972
29.687458,0.283474
37.874301,0.026404
32.312720,14.433813
15.395215,0.803113
24.299744,6.902265
