29.309928,1.996454
34.606031,4.722869
34.608472,5.147849
37.202720,5.231609
30.720890,4.664441
27.108827,5.615953
36.996409,0.442764
32.676199,4.269115
37.320521,3.542940
41.753986,6.418538
37.524395,7.395606
49.332637,20.942786
59.556926,42.999105
16.620287,1.251446
22.325923,6.457050
24.354150,2.202434
25.115878,7.444229
18.480379,2.961549
23.850704,4.597423
23.911044,5.394692
11.898285,1.292145
9.786490,0.031766
66.865886,1.205745
66.414826,3.012574
9.812838,0.466531
10.660205,0.547574
11.443488,1.755575
59.991681,6.480055
55.094277,3.137692
53.388724,4.155674
49.935641,1.558343
49.060296,7.522945
48.208617,7.393790
36.880047,11.969882
22.572665,2.513456
28.101409,4.103796
28.684135,3.264212
29.106314,7.700750
32.559711,5.389889
40.977696,1.701620
38.839730,4.742238
38.718173,4.227800
36.824513,5.481928
42.202266,5.249083
33.769419,5.158109
20.821662,4.939818
28.952064,4.506072
35.684595,2.270366
28.759873,1.127451
25.171631,2.666287
25.706158,2.458187
28.088738,2.771831
16.752158,0.840653
21.999029,2.102508
35.848842,20.878074
14.973233,2.847840
36.092888,0.089622
32.141855,7.637462
29.744280,8.679427
30.059133,6.537550
28.259495,0.475200
35.259249,1.255880
27.495989,0.833252
23.260889,1.410343
35.746077,1.845569
30.892981,7.023497
34.848110,0.375575
35.607830,1.056082
33.639042,2.986697
31.975034,3.461757
26.733203,0.357972
30.837788,1.513207
20.720570,3.593401
36.752826,0.252231
35.442050,2.584578
30.136542,0.323086
42.293620,0.034770
33.927878,17.613464
14.665352,0.803115
26.460411,8.866918
