32.702019,2.283405
39.031111,5.469385
39.447528,6.019818
42.608117,6.141045
35.387053,5.497934
31.585887,6.666630
41.643157,0.511668
36.593931,4.905296
41.421179,4.023177
45.900297,7.177733
41.339693,8.301219
54.777690,23.796844
66.454768,49.184338
17.632864,1.290372
23.678065,6.652577
26.608846,2.434723
26.223427,7.467591
19.107239,2.961551
24.669787,4.597432
24.729152,5.394700
12.285683,1.292145
10.074046,0.031766
76.664251,1.416496
76.423935,3.548381
10.075087,0.466177
10.922165,0.541145
11.744404,1.752848
68.714580,7.607048
62.687229,3.663720
60.536295,4.837430
56.488229,1.809991
55.148990,8.681195
54.042578,8.505608
41.270727,13.741215
23.986517,2.601650
29.858083,4.246596
30.694629,3.438310
30.147023,7.700979
33.786235,5.390983
42.626987,1.703102
40.510388,4.753294
40.538394,4.253127
38.609714,5.524655
44.407536,5.319930
35.519761,5.224070
21.810665,4.972233
30.307060,4.531987
37.238750,2.276532
29.981399,1.129683
26.080943,2.666415
26.637179,2.458318
29.026104,2.771831
17.263285,0.840653
22.667323,2.102511
39.567446,23.507126
15.483489,2.847843
42.072342,0.106416
37.559752,9.080948
34.682659,10.307584
34.939901,7.750008
32.752026,0.562342
40.938053,1.487802
31.871590,0.986139
26.917262,1.667373
41.231047,2.177335
32.052890,7.024793
37.417287,0.399007
37.784703,1.089442
35.187957,3.001434
33.649221,3.509096
28.592655,0.376587
33.559515,1.659177
21.972232,3.700931
40.316496,0.280983
38.131242,2.759568
31.531601,0.324764
45.873976,0.037847
35.870525,18.019299
15.126649,0.803115
28.371336,9.386899
