30.514897,1.581040
36.043341,3.741018
36.059187,4.078379
38.768375,4.145027
32.019695,3.695939
28.264808,4.450471
38.530173,0.350702
34.024419,3.381105
38.846733,2.805358
43.444148,5.080781
39.046958,5.854643
51.351006,16.583042
62.005576,34.052079
17.260901,0.988411
23.185927,5.099707
25.333083,1.742986
26.048301,5.870752
19.121618,2.334896
24.684417,3.624632
24.745115,4.253197
12.297653,1.018734
10.083168,0.025044
69.682373,0.955331
69.220421,2.387027
10.083002,0.367816
10.919788,0.431617
11.753070,1.384107
62.516587,5.134183
57.400272,2.485766
55.616656,3.292052
52.015172,1.234441
51.091697,5.958587
50.199597,5.855951
38.400620,9.479891
23.445196,1.985473
29.187430,3.241705
29.805599,2.580094
30.141823,6.071329
33.735449,4.249520
42.477465,1.341690
40.276512,3.739634
40.167813,3.334880
38.208495,4.324654
43.802301,4.142385
35.048560,4.070428
21.602247,3.896668
30.035438,3.554318
37.007050,1.790421
29.821765,0.889060
26.070228,2.102129
26.624583,1.938060
29.052048,2.185326
17.279502,0.662775
22.688527,1.657627
37.306356,16.528882
15.494294,2.245248
37.632460,0.071023
33.515309,6.052635
31.013327,6.878233
31.338703,5.180676
29.459854,0.376559
36.758932,0.995209
28.664038,0.660289
24.247781,1.117568
37.258919,1.462389
32.007652,5.537483
36.217467,0.296938
36.980792,0.834126
34.895173,2.355723
33.187591,2.731918
27.777589,0.282937
32.071442,1.197325
21.518520,2.837988
38.236989,0.199645
36.838741,2.043709
31.262660,0.254835
43.978553,0.027507
35.227116,13.906586
15.141264,0.633180
27.498034,7.009655
