32.395503,1.639475
37.540118,3.845376
36.960614,4.164240
39.480089,4.221477
32.373452,3.753811
28.219247,4.499590
40.264538,0.361015
35.872452,3.494579
41.672278,2.924188
47.595894,5.357390
42.565239,6.155702
55.035564,17.277345
65.817094,35.308094
21.165408,1.147195
28.472628,5.929402
28.176914,1.854927
34.839503,7.766830
28.264494,3.864009
36.277850,5.903974
36.431109,6.961197
18.412789,1.750958
14.826840,0.043378
70.861775,0.972423
70.072309,2.425534
14.406977,0.637056
15.069758,0.750310
16.707887,2.397287
63.656558,5.228632
58.982833,2.540662
57.443785,3.371852
53.918592,1.266289
53.512020,6.139985
52.831367,6.047457
40.541758,9.804316
28.552654,2.286103
35.563088,3.734625
35.325856,2.887084
43.466167,9.414992
47.592430,6.259327
58.495577,1.877340
54.280807,5.017263
52.729175,4.269788
49.726751,5.458598
55.860850,5.066331
44.793676,4.994294
28.275293,4.964784
39.478589,4.560587
49.683950,2.385094
40.350175,1.201726
37.423150,3.223643
38.175776,2.963973
43.232917,3.686252
25.679370,1.147912
33.679556,2.871017
40.497461,17.338163
22.854306,3.693808
37.555134,0.071796
33.365605,6.113335
30.940123,6.952321
31.364731,5.242374
29.576637,0.381470
36.833275,1.007488
28.773283,0.668864
24.385430,1.132842
37.610223,1.484402
45.213564,8.180152
42.416401,0.328614
45.307283,0.967141
46.081083,3.046930
42.301604,3.338661
32.982283,0.317161
36.049232,1.283125
26.442092,3.302278
42.105226,0.211150
42.855552,2.248524
41.220752,0.328736
49.896187,0.029673
43.873436,16.457185
22.647363,1.096002
32.361160,7.791600
