31.644757,1.967159
37.331949,4.650215
37.304875,5.065827
40.086920,5.147128
33.088571,4.588026
29.174087,5.521682
39.916734,0.436005
35.269160,4.205343
40.309635,3.492429
45.130858,6.332938
40.552625,7.295285
53.282019,20.643418
64.300845,42.367910
18.007327,1.243561
24.189534,6.417071
26.335824,2.174677
27.220664,7.435903
19.969289,2.961548
25.784782,4.597415
25.846509,5.394686
12.827078,1.292145
10.476620,0.031766
72.043983,1.186219
71.538851,2.963342
10.441281,0.466530
11.263431,0.547925
12.163612,1.755591
64.642188,6.375387
59.394610,3.087962
57.570976,4.090533
53.856950,1.534110
52.938239,7.408730
52.030160,7.282847
39.808882,11.791694
24.454430,2.496350
30.444265,4.076013
31.062796,3.235602
31.499624,7.700601
35.262119,5.389315
44.399379,1.700975
42.092569,4.738093
41.965337,4.219817
39.912889,5.469188
45.739024,5.230573
36.599824,5.140632
22.567950,4.929789
31.380132,4.497834
38.674212,2.268113
31.167538,1.126593
27.246322,2.666209
27.826061,2.458108
30.327495,2.771830
17.978859,0.840653
23.602931,2.102508
38.736404,20.590959
16.182711,2.847838
38.841375,0.088117
34.583460,7.508557
32.008623,8.533523
32.354634,6.428320
30.423935,0.467308
37.954924,1.234945
29.601654,0.819409
25.045259,1.386996
38.497261,1.815239
33.455951,7.022810
37.729768,0.371978
38.579086,1.049361
36.459877,2.981866
34.654610,3.449432
28.950978,0.354880
33.356693,1.494969
22.450340,3.571322
39.731563,0.248928
38.367754,2.558689
32.663780,0.322541
45.759179,0.034369
36.765196,17.522591
15.772395,0.803115
28.651075,8.784890
