34.372911,1.637072
39.903154,3.841856
39.333939,4.161928
42.031991,4.219642
34.479294,3.752614
30.070762,4.498868
42.786876,0.360654
38.088579,3.490205
44.165392,2.918863
50.309441,5.343132
45.022222,6.140640
58.334306,17.246452
69.835629,35.256506
21.898481,1.135021
29.448320,5.865545
29.718344,1.848676
35.177464,7.573269
27.371745,3.504656
35.252385,5.407204
35.365567,6.357470
17.639128,1.543818
14.120473,0.037981
75.448163,0.972024
74.625754,2.424715
13.759985,0.557803
14.448517,0.656974
15.966482,2.099063
67.771646,5.226369
62.759765,2.539123
61.099903,3.369438
57.334580,1.265277
56.852904,6.133457
56.104829,6.040206
43.040598,9.791641
29.589633,2.263453
36.850470,3.697442
36.830845,2.865553
42.646182,8.830616
47.139007,5.973026
58.475475,1.813248
54.670430,4.881939
53.554411,4.181649
50.635694,5.355079
57.212893,4.987444
45.850470,4.914891
28.743146,4.865205
40.080828,4.465247
50.104080,2.323287
40.585842,1.167928
36.793847,3.036605
37.552766,2.794785
41.673602,3.299285
24.449085,1.005146
32.064664,2.513912
42.858434,17.298736
22.161285,3.362849
40.019803,0.071785
35.558135,6.112526
32.971004,6.951259
33.419686,5.241395
31.510570,0.381385
39.244736,1.007286
30.654877,0.668716
25.978059,1.132565
40.059816,1.483964
44.759222,7.799629
44.331841,0.326467
46.886151,0.956965
46.716735,2.980199
43.331777,3.286940
34.374188,0.314749
37.958535,1.278098
27.343927,3.266485
44.474090,0.210540
44.850023,2.234923
41.809252,0.321646
52.457415,0.029541
45.218432,16.253525
21.590028,0.960240
33.789387,7.737841
