34.650417,2.202769
41.233759,5.250076
41.548212,5.755780
44.813981,5.862667
37.155177,5.239942
33.047142,6.335593
44.017999,0.491568
38.735071,4.723416
43.950572,3.892045
48.823361,6.984355
43.948373,8.066357
58.115841,23.015437
70.412681,47.445557
18.902832,1.285387
25.384912,6.627848
28.346335,2.379033
28.166599,7.466355
20.473597,2.961551
26.445501,4.597432
26.505882,5.394700
13.137214,1.292145
10.706663,0.031766
80.607293,1.351840
80.267366,3.382841
10.650930,0.466424
11.470758,0.543515
12.404045,1.754540
72.270017,7.262008
66.059274,3.505133
63.856357,4.633810
59.626118,1.735351
58.315556,8.344983
57.189015,8.186394
43.694479,13.236470
25.706781,2.589702
32.000111,4.227326
32.851982,3.409299
32.347911,7.700977
36.275710,5.390960
45.783646,1.703051
43.513280,4.752764
43.535330,4.251446
41.459034,5.521535
47.665515,5.313566
38.127612,5.218269
23.422208,4.970008
32.548114,4.530292
39.998763,2.276221
32.203906,1.129582
27.989562,2.666413
28.587574,2.458317
31.079534,2.771831
18.387762,0.840653
24.137567,2.102509
42.044278,22.815436
16.593603,2.847843
44.012575,0.101122
39.261019,8.624424
36.278575,9.794088
36.583709,7.369254
34.324098,0.535094
42.879160,1.415089
33.399961,0.938323
28.222667,1.587196
43.273487,2.074399
34.413692,7.024767
40.019115,0.394770
40.504667,1.085139
37.791856,3.000522
36.117453,3.504822
30.605354,0.373526
35.784857,1.625818
23.556711,3.687404
42.906818,0.273800
40.765334,2.726522
33.864395,0.324658
48.953895,0.037176
38.476045,17.973851
16.141451,0.803115
30.353056,9.295880
