35.941293,1.639992
41.629260,3.846034
40.975562,4.164611
43.765203,4.221750
35.884665,3.753973
31.277248,4.499669
44.653589,0.361085
39.791174,3.495477
46.248906,2.925409
52.868300,5.361043
47.269714,6.159468
61.077867,17.284395
73.020661,35.319182
23.730707,1.151582
31.929389,5.952476
31.322353,1.856638
39.609311,7.845129
33.078358,4.045265
42.347149,6.142315
42.558302,7.254755
21.728904,1.885966
17.521663,0.047517
78.551809,0.972481
77.673184,2.425646
16.872800,0.697858
17.437538,0.821923
19.533595,2.626101
70.565658,5.228968
65.392315,2.540915
63.691129,3.372270
59.786325,1.266470
59.348110,6.141260
58.600000,6.048926
44.972179,9.806942
31.986978,2.294158
39.842912,3.747862
39.459444,2.894298
50.380490,9.672770
54.796053,6.380849
66.931590,1.903919
61.809182,5.072375
59.733426,4.304797
56.245800,5.499331
62.973409,5.096601
50.514096,5.024849
32.014361,5.004215
44.733161,4.598508
56.529623,2.410180
45.985209,1.215537
43.311396,3.305254
44.166554,3.037621
50.775924,3.900160
30.412022,1.257056
39.880636,3.144301
44.965371,17.347815
26.720381,3.857329
41.624736,0.071797
36.980813,6.113418
34.292850,6.952436
34.764041,5.242486
32.782770,0.381481
40.825544,1.007512
31.892299,0.668882
27.029140,1.132877
41.688852,1.484460
52.076061,8.341920
47.326942,0.329312
50.793312,0.970802
52.259840,3.073599
47.683806,3.358493
36.848239,0.317973
40.098278,1.284559
29.654713,3.315227
46.780867,0.211310
47.789071,2.252863
46.734344,0.331565
55.534163,0.029712
49.289941,16.532608
26.818918,1.197150
36.123531,7.809293
