28.223812,0.081320
32.939400,0.191200
32.603860,0.207418
34.895117,0.210403
28.672373,0.187217
25.072619,0.224636
35.288008,0.017943
31.336259,0.173496
36.154660,0.144829
40.922775,0.264454
36.678360,0.304115
47.766538,0.855827
57.344932,1.751364
17.165045,0.054996
23.071378,0.284092
24.059461,0.091315
26.765914,0.353358
20.179938,0.148012
26.025139,0.229655
26.097319,0.269529
12.994857,0.064607
10.608883,0.001588
62.658121,0.048473
62.040105,0.120957
10.561722,0.023326
11.377719,0.027473
12.301607,0.087777
56.265889,0.260604
51.989054,0.126516
50.548092,0.167815
47.388426,0.062997
46.859945,0.305088
46.181785,0.300308
35.396753,0.486669
23.247757,0.109878
28.947616,0.179467
29.203803,0.140005
31.653257,0.383306
35.231700,0.265981
44.055433,0.082720
41.490209,0.226600
41.009885,0.197297
38.889526,0.253784
44.248094,0.238505
35.434270,0.234830
22.032350,0.229903
30.678913,0.210531
38.074312,0.108127
30.759847,0.054054
27.347898,0.132532
27.921788,0.122142
30.688358,0.138575
18.213663,0.042033
23.910040,0.105125
34.960279,0.857156
16.346223,0.142307
33.370886,0.003584
29.664192,0.305261
27.494812,0.347104
27.851399,0.261672
26.243534,0.019036
32.697999,0.050284
25.531684,0.033379
21.628021,0.056524
33.324895,0.074043
33.438944,0.346822
35.291960,0.015989
36.762243,0.046380
35.701051,0.140146
33.518600,0.157218
27.239205,0.015372
30.627639,0.063036
21.417973,0.158180
36.118994,0.010414
35.784193,0.109600
31.967545,0.015139
42.199247,0.001455
35.256494,0.783889
15.982644,0.040156
26.855746,0.378610
