32.002531,1.630084
37.293348,3.830370
36.867967,4.153376
39.439583,4.212417
32.389238,3.747514
28.297706,4.495201
39.962833,0.359499
35.512292,3.476991
41.028984,2.904158
46.517342,5.307022
41.676230,6.101772
54.202423,17.160771
65.021736,35.106387
19.676857,1.110875
26.450171,5.739118
27.381136,1.833631
30.848556,7.219163
23.307834,3.085499
30.068700,4.784908
30.149701,5.616696
14.970534,1.347621
12.083906,0.033130
70.810801,0.970429
70.088860,2.421277
11.904930,0.486559
12.667391,0.573074
13.840782,1.830970
63.592942,5.217453
58.799679,2.533555
57.192443,3.361065
53.632444,1.261862
53.077156,6.112935
52.328817,6.018072
40.118236,9.753653
26.636991,2.218152
33.168946,3.623119
33.396345,2.820757
36.580443,7.963226
40.698820,5.499230
50.846821,1.700450
47.837626,4.636363
47.216269,4.017647
44.752423,5.161069
50.855336,4.837060
40.730947,4.763806
25.362418,4.679460
35.324415,4.288034
43.890522,2.210656
35.472697,1.106878
31.603521,2.750863
32.266230,2.534618
35.419397,2.889964
20.835072,0.876768
27.337654,2.192834
39.710863,17.195299
18.882540,2.966043
37.662248,0.071728
33.473463,6.108211
31.029893,6.945795
31.439174,5.236610
29.630635,0.380987
36.913146,1.006317
28.826601,0.668022
24.422363,1.131299
37.640505,1.482057
38.629311,7.172838
40.323077,0.321906
42.139277,0.936761
41.117936,2.856662
38.522396,3.188298
31.153848,0.309744
34.884715,1.266369
24.555719,3.195673
41.073321,0.209022
40.865029,2.205653
36.814756,0.308503
48.099346,0.029241
40.458550,15.856516
18.346462,0.837617
30.695243,7.624635
