28.287262,1.811571
33.251589,4.269510
33.111653,4.640194
35.525282,4.710336
29.269098,4.194483
25.714597,5.039378
35.577689,0.400514
31.488380,3.868385
36.094737,3.221885
40.534193,5.865156
36.398036,6.749886
47.703766,19.041223
57.477072,39.015938
16.292453,1.188746
21.885901,6.137593
23.696709,2.020318
24.492593,7.343537
17.246216,2.961482
22.404123,4.597146
22.419674,5.394445
10.758066,1.292145
7.993995,0.031766
63.823375,1.085341
63.301791,2.709623
7.279495,0.466521
6.989934,0.549077
8.341544,1.755575
57.284591,5.834265
52.748999,2.829525
51.188096,3.750979
47.923142,1.407514
47.204556,6.808019
46.437264,6.697390
35.550307,10.849246
22.124881,2.380311
27.544233,3.887232
28.084838,3.056755
27.735159,7.697125
31.342567,5.379285
39.735361,1.692020
37.829871,4.689543
37.846410,4.141618
36.024903,5.350898
41.341946,5.077255
33.077422,4.994213
20.358843,4.833353
28.296371,4.416491
34.778752,2.242446
27.992541,1.116230
24.046179,2.664501
24.571112,2.456397
25.930793,2.771819
14.209274,0.840653
18.578511,2.102508
34.747610,19.036504
14.009814,2.847745
34.230934,0.080415
30.455776,6.850042
28.206601,7.787350
28.538759,5.868771
26.860053,0.426813
33.490204,1.127632
26.132960,0.748387
22.122082,1.267099
34.038840,1.659169
29.723659,7.010600
34.093536,0.350133
34.905091,1.002787
32.859947,2.932714
31.323997,3.347622
26.177352,0.335459
30.047400,1.392112
20.312312,3.416611
35.707913,0.230775
34.656694,2.403735
29.443809,0.317057
41.255662,0.032075
33.259108,16.850213
12.823131,0.803115
25.896209,8.281052
