26.871509,2.052936
31.875950,4.864136
32.008655,5.308293
34.467253,5.397230
28.517852,4.814599
25.255634,5.801927
34.049423,0.455886
30.007933,4.392467
34.130591,3.639810
37.996212,6.580622
34.187258,7.586190
45.125823,21.517192
54.604092,44.216161
14.720869,1.264386
19.766908,6.522472
22.084276,2.254410
21.681574,7.455290
15.032842,2.961550
19.540003,4.597429
19.550025,5.394698
9.366880,1.292145
6.958802,0.031766
61.972761,1.244043
61.630986,3.109279
6.336854,0.466528
6.086855,0.546752
7.261417,1.755500
55.582376,6.685257
50.922299,3.234883
49.280841,4.282744
46.051120,1.605548
45.127173,7.744510
44.291384,7.608560
33.857234,12.314332
20.028106,2.541906
24.930521,4.149958
25.623127,3.314061
24.243464,7.700898
27.482369,5.390527
34.981163,1.702404
33.437677,4.747625
33.633847,4.238964
32.075729,5.500140
36.982884,5.276925
29.574596,5.184261
18.104221,4.953948
25.139862,4.517552
30.763973,2.273327
24.723563,1.128555
21.031644,2.666368
21.494067,2.458269
22.589151,2.771831
12.369248,0.840653
16.172683,2.102508
32.692919,21.424953
12.214310,2.847842
33.629968,0.092593
29.970314,7.891982
27.717108,8.967325
27.984114,6.752874
26.284918,0.490743
32.813890,1.297135
25.575878,0.860515
21.625060,1.456296
33.197438,1.905200
26.057663,7.024257
31.219072,0.381951
31.545421,1.067130
29.165263,2.993344
28.024759,3.480321
23.869790,0.363344
27.895105,1.547056
18.342490,3.629481
33.405335,0.258464
31.802071,2.630879
26.141747,0.323838
38.174586,0.035508
29.927661,17.757831
11.162822,0.803115
23.677235,9.011345
