28.310623,1.639611
32.802303,3.845557
32.293482,4.164346
34.494011,4.221557
28.284302,3.753860
24.654185,4.499615
35.183568,0.361034
31.347531,3.494819
36.420890,2.924503
41.607303,5.358303
37.207447,6.156650
48.099781,17.279170
57.517883,35.311015
18.545086,1.148175
24.948762,5.934550
24.636506,1.855346
30.631217,7.783572
25.063133,3.900878
32.138570,5.952992
32.283044,7.021401
16.391381,1.776302
13.319651,0.044095
61.912117,0.972440
61.221548,2.425567
13.034857,0.647585
13.752305,0.762715
15.135586,2.436915
55.617128,5.228730
51.535407,2.540734
50.191826,3.371969
47.112505,1.266339
46.760001,6.140330
46.166688,6.047851
35.428200,9.805015
25.012767,2.287910
31.154499,3.737594
30.924205,2.888737
38.418130,9.468865
41.983615,6.284916
51.514920,1.882973
47.743219,5.029018
46.318269,4.277326
43.664262,5.467401
49.010224,5.072936
39.303541,5.000954
24.834282,4.973285
34.680731,4.568749
43.691127,2.390451
35.498047,1.204668
33.062054,3.240733
33.723371,2.979403
38.391569,3.728739
22.999584,1.166862
30.175838,2.918434
35.398306,17.340609
20.258256,3.727226
32.810606,0.071796
29.150261,6.113361
27.031290,6.952358
27.402396,5.242409
25.840343,0.381474
32.180162,1.007495
25.138466,0.668869
21.304994,1.132853
32.859473,1.484420
39.889157,8.214205
37.121122,0.328776
39.697134,0.967959
40.489597,3.052659
37.113103,3.342990
28.873909,0.317347
31.524599,1.283471
23.169985,3.305166
36.809795,0.211190
37.500071,2.249535
36.216413,0.329344
43.640216,0.029682
38.460620,16.473861
20.229751,1.113835
28.324246,7.795679
