31.973647,1.635907
37.144525,3.840029
36.633624,4.160637
39.153727,4.218580
32.124251,3.751890
28.024611,4.498387
39.824181,0.360468
35.439560,3.488036
41.064927,2.916363
46.733486,5.336786
41.831805,6.133857
54.241280,17.231908
64.961420,35.231498
20.215184,1.130401
27.182193,5.841342
27.585777,1.845982
32.289642,7.503391
24.958061,3.401945
32.153763,5.258463
32.253789,6.179060
16.080675,1.493207
12.939542,0.036722
70.284314,0.971791
69.526428,2.424223
12.684328,0.539306
13.415712,0.635195
14.733892,2.029461
63.130992,5.225060
58.446824,2.538275
56.891859,3.368140
53.379517,1.264741
52.911919,6.130143
52.206362,6.036589
40.045064,9.785387
27.326671,2.254809
34.031197,3.683257
34.069646,2.857113
38.944119,8.638078
43.111028,5.873853
53.567873,1.790486
50.156385,4.833264
49.220060,4.149554
46.564355,5.317228
52.683153,4.958294
42.214393,4.885586
26.422010,4.828893
36.833787,4.430550
45.979077,2.301015
37.224672,1.155796
33.610077,2.974104
34.305933,2.738073
37.988283,3.196114
22.352858,0.971817
29.323063,2.430552
39.828973,17.280797
20.209277,3.266504
37.296991,0.071777
33.140364,6.111973
30.727948,6.950546
31.144150,5.240755
29.363092,0.381331
36.571676,1.007156
28.565810,0.668621
24.206716,1.132390
37.325061,1.483695
40.930945,7.668079
41.036649,0.325614
43.284393,0.953100
42.918618,2.955966
39.902427,3.267823
31.793761,0.313805
35.215865,1.275974
25.238725,3.252926
41.302902,0.210272
41.532150,2.229470
38.414091,0.319070
48.643426,0.029486
41.701818,16.177143
19.706264,0.928414
31.269086,7.716598
