25.212733,1.937211
29.775068,4.576310
29.774274,4.982689
32.002167,5.061612
26.421047,4.510786
23.301695,5.426620
31.831318,0.429125
28.111774,4.140273
32.095297,3.440628
35.879725,6.244493
32.252239,7.191829
42.426717,20.336498
51.231697,41.722658
14.138535,1.234674
18.988321,6.371921
20.911549,2.145810
21.009244,7.425059
14.654410,2.961545
19.044470,4.597401
19.055401,5.394674
9.134194,1.292145
6.786270,0.031766
57.516768,1.166459
57.121399,2.913566
6.179721,0.466528
5.934564,0.548237
7.081327,1.755596
51.605322,6.269441
47.400188,3.037529
45.934991,4.024398
42.964683,1.509487
42.210307,7.292388
41.475508,7.169698
31.727763,11.609812
19.219784,2.477232
23.925776,4.044943
24.502353,3.204539
23.610018,7.700363
26.732787,5.388467
33.973303,1.700081
32.421087,4.732612
32.537397,4.209782
31.005078,5.453431
35.676304,5.208468
28.536091,5.119687
17.509322,4.917254
24.323155,4.487454
29.819361,2.265157
23.979477,1.125447
20.477542,2.666085
20.926587,2.457983
22.024728,2.771830
12.062570,0.840653
15.771704,2.102508
30.817299,20.295332
11.906027,2.847834
31.023282,0.086598
27.623305,7.378638
25.565958,8.386415
25.840991,6.318122
24.297503,0.459341
30.313162,1.213819
23.640878,0.805436
20.001179,1.363422
30.741176,1.784591
25.348887,7.021789
29.803837,0.368113
30.294409,1.041794
28.229688,2.975729
27.033181,3.434727
22.831370,0.351517
26.461649,1.475902
17.621369,3.546369
31.574494,0.245507
30.330953,2.531022
25.299678,0.321851
36.268598,0.033947
28.796174,17.417975
10.886016,0.803115
22.619415,8.696396
