32.940388,1.635907
38.268034,3.840029
37.741951,4.160637
40.338393,4.218580
33.096303,3.751890
28.872702,4.498387
41.028671,0.360468
36.511253,3.488036
42.306242,2.916363
48.145315,5.336786
43.095745,6.133857
55.880928,17.231908
66.925571,35.231498
20.822368,1.130401
27.998545,5.841342
28.418728,1.845982
33.250362,7.503391
25.676298,3.401945
33.083347,5.258463
33.185062,6.179060
16.533185,1.493207
13.277273,0.036722
72.410927,0.971791
71.630212,2.424223
12.991882,0.539306
13.711014,0.635195
15.086316,2.029461
65.041136,5.225060
60.215035,2.538275
58.612898,3.368140
54.994214,1.264741
54.512184,6.130143
53.785141,6.036589
41.255994,9.785387
28.147874,2.254809
35.053843,3.683257
35.095314,2.857113
40.081523,8.638078
44.379623,5.873853
55.153416,1.790486
51.646892,4.833264
50.688387,4.149554
47.954957,5.317228
54.260049,4.958294
43.477659,4.885586
27.210522,4.828893
37.932425,4.430550
47.346294,2.301015
38.330148,1.155796
34.593484,2.974104
35.310126,2.738073
39.073204,3.196114
22.953044,0.971817
30.107840,2.430552
41.032545,17.280797
20.791923,3.266504
38.425690,0.071777
34.143289,6.111973
31.657853,6.950546
32.086629,5.240755
30.251651,0.381331
37.678392,1.007156
29.430244,0.668621
24.939226,1.132390
38.454504,1.483695
42.134941,7.668079
42.272896,0.325614
44.584569,0.953100
44.197945,2.955966
41.096839,3.267823
32.750808,0.313805
36.278786,1.275974
25.996672,3.252926
42.550469,0.210272
42.783768,2.229470
39.559386,0.319070
50.111073,0.029486
42.952800,16.177143
20.247454,0.928414
32.210828,7.716598
