29.581450,1.906644
34.894150,4.501222
34.856390,4.898498
37.447383,4.975120
30.900196,4.432766
27.224785,5.330812
37.311723,0.422129
32.969508,4.073975
37.678586,3.387607
42.167934,6.153349
37.895084,7.085403
49.804747,20.022430
60.108314,41.064109
16.694545,1.224756
22.422231,6.321446
24.594630,2.115887
24.872620,7.411096
17.383716,2.961539
22.589747,4.597377
22.603235,5.394653
10.836913,1.292145
8.051507,0.031766
67.296476,1.146479
66.811427,2.863277
7.331870,0.466526
7.040748,0.548506
8.401567,1.755595
60.385517,6.162288
55.500381,2.986432
53.803296,3.957323
50.336105,1.484496
49.484548,7.174036
48.637305,7.054464
37.213353,11.424435
22.688969,2.456066
28.244881,4.010529
28.896098,3.171059
27.997208,7.699988
31.687509,5.387231
40.249247,1.698855
38.390427,4.725443
38.501338,4.197327
36.679231,5.434181
42.179929,5.182393
33.740308,5.094891
20.717007,4.901779
28.782486,4.474542
35.306250,2.261322
28.397354,1.123937
24.280766,2.665895
24.812721,2.457791
26.128719,2.771829
14.311521,0.840653
18.712189,2.102508
36.201227,19.991641
14.123091,2.847826
36.245039,0.085068
32.266176,7.247767
29.868386,8.238173
30.197692,6.207013
28.401142,0.451304
35.427285,1.192514
27.633284,0.791340
23.382362,1.339632
35.948331,1.753642
30.047884,7.020291
35.131835,0.363988
35.770069,1.033359
33.409514,2.968022
31.960686,3.417394
26.927356,0.347887
31.137523,1.456044
20.808537,3.518451
37.117598,0.241976
35.743515,2.501628
29.940626,0.320988
42.695303,0.033506
34.019939,17.298866
12.915582,0.803115
26.668183,8.601567
