26.745179,1.875493
31.443999,4.425017
31.323720,4.813314
33.614661,4.887707
27.703378,4.354013
24.355538,5.234306
33.641936,0.415025
29.772489,4.006517
34.128292,3.333434
38.338607,6.059652
34.422728,6.976167
45.104558,19.701610
54.343707,40.393002
15.528472,1.213794
20.863270,6.265566
22.423122,2.084961
23.702193,7.393346
17.602371,2.961530
22.704610,4.597336
22.765893,5.394616
11.355635,1.292145
9.383915,0.031766
60.394150,1.126291
59.912132,2.812504
9.446234,0.466524
10.307194,0.548734
11.023379,1.755590
54.203964,6.053996
49.896898,2.934708
48.413750,3.889361
45.322043,1.459157
44.634907,7.053785
43.907316,6.937260
33.612808,11.235758
21.070968,2.432844
26.233582,3.972751
26.676169,3.135218
27.660791,7.699402
30.883327,5.385444
38.782128,1.697191
36.681758,4.716186
36.467327,4.182066
34.651249,5.410968
39.620453,5.152010
31.711429,5.065897
19.605050,4.882922
27.272702,4.458682
33.688952,2.256407
27.172637,1.121969
23.912021,2.665603
24.417404,2.457497
26.775238,2.771828
16.036573,0.840653
21.063412,2.102508
32.859332,19.680324
14.258764,2.847812
32.422668,0.083527
28.851412,7.116005
26.717085,8.088869
27.026461,6.095048
25.432210,0.443201
31.713340,1.171041
24.743974,0.777128
20.944190,1.315640
32.220404,1.722411
29.305789,7.018117
32.352521,0.359609
33.265001,1.024044
31.703584,2.958471
30.017046,3.397212
24.868259,0.343995
28.444180,1.435434
19.364700,3.487518
33.778169,0.238340
32.870944,2.470569
28.397977,0.319921
39.071352,0.033047
31.761739,17.164726
14.019484,0.803115
24.583004,8.500585
