27.157296,1.639916
31.457211,3.845943
30.964352,4.164563
33.072761,4.221716
27.117784,3.753954
23.636225,4.499661
33.742226,0.361075
30.067087,3.495347
34.944065,2.925224
39.940403,5.360462
35.712042,6.158875
46.148525,17.283327
55.174559,35.317546
17.901821,1.150772
24.086012,5.948208
23.660333,1.856358
29.819419,7.829862
24.855236,4.008063
31.815900,6.093892
31.975334,7.194958
16.356570,1.856035
13.371769,0.046517
59.360633,0.972474
58.696990,2.425633
13.086708,0.683166
13.802157,0.804619
15.195051,2.570808
53.325504,5.228926
49.415341,2.540882
48.129292,3.372214
45.178181,1.266445
44.845744,6.141079
44.279733,6.048715
33.981796,9.806561
24.133223,2.292679
30.060023,3.745430
29.784577,2.893008
37.855494,9.621173
41.192888,6.356713
50.348253,1.898679
46.522707,5.061595
44.991884,4.298030
42.374261,5.491493
47.465987,5.090845
38.072910,5.019031
24.115378,4.996605
33.692404,4.591173
42.553324,2.405281
34.608516,1.212831
32.546490,3.288951
33.189833,3.022915
38.168804,3.855270
23.071518,1.230764
30.274584,3.078416
33.972022,17.346309
20.076593,3.823913
31.455833,0.071797
27.946451,6.113409
25.915127,6.952424
26.271158,5.242474
24.773860,0.381480
30.851808,1.007509
24.100936,0.668880
20.425829,1.132873
31.504018,1.484454
39.146865,8.309778
35.729315,0.329189
38.317763,0.970126
39.356598,3.068429
35.941943,3.354723
27.812820,0.317828
30.286640,1.284320
22.369826,3.312831
35.340231,0.211285
36.081488,2.252104
35.196794,0.331017
41.941604,0.029705
37.171498,16.518501
20.260133,1.173209
27.269454,7.806155
