26.404418,2.106354
31.388154,4.999515
31.582712,5.463482
34.039498,5.557974
28.194322,4.960859
25.022002,5.984142
33.515262,0.468436
29.507909,4.509723
33.502429,3.730661
37.225515,6.729605
33.508357,7.762284
44.299240,22.056327
53.655772,45.367330
14.315832,1.273959
19.221616,6.570665
21.609436,2.301353
21.010372,7.461413
14.537266,2.961551
18.896853,4.597431
18.906218,5.394699
9.057315,1.292145
6.728759,0.031766
61.216165,1.281240
60.920083,3.203416
6.127395,0.466515
5.886703,0.545778
7.021428,1.755332
54.893533,6.884430
50.227800,3.328763
48.576450,4.405132
45.372404,1.650918
44.407754,7.956078
43.561871,7.812971
33.288158,12.641438
19.483832,2.563360
24.252414,4.184726
24.964113,3.354334
23.451112,7.700952
26.594492,5.390802
33.869824,1.702787
32.394900,4.750518
32.613189,4.245588
31.112146,5.511280
35.900679,5.295164
28.706613,5.201270
17.556665,4.962415
24.375858,4.524331
29.808072,2.274942
23.949719,1.129139
20.345718,2.666398
20.793442,2.458301
21.843370,2.771831
11.960348,0.840653
15.638049,2.102508
32.055680,21.932355
11.811871,2.847843
33.321567,0.095504
29.708875,8.141683
27.464476,9.249501
27.713119,6.963611
26.016348,0.505932
32.489370,1.337490
25.315205,0.887161
21.398003,1.501170
32.829078,1.963327
25.215154,7.024582
30.437937,0.387239
30.678783,1.075324
28.274315,2.997203
27.205288,3.492503
23.253403,0.367666
27.273224,1.577202
17.835919,3.656011
32.713668,0.264160
31.019388,2.669803
25.344508,0.324277
37.298065,0.036156
29.082289,17.859823
10.793809,0.803115
23.077969,9.129888
