36.061923,1.638980
41.806428,3.844695
41.171816,4.163822
43.982004,4.221157
36.067776,3.753611
31.442615,4.499481
44.837554,0.360945
39.939039,3.493696
46.375564,2.923060
52.931605,5.354227
47.345311,6.152393
61.248689,17.270817
73.266341,35.297470
23.390622,1.144106
31.462540,5.913181
31.317365,1.853501
38.188685,7.715676
30.475743,3.757289
39.176552,5.760209
39.324356,6.785235
19.742593,1.682758
15.774139,0.041531
78.943430,0.972354
78.067717,2.425396
15.267845,0.609934
15.896318,0.718367
17.694339,2.295232
70.915418,5.228237
65.700859,2.540380
63.981471,3.371400
60.051432,1.266096
59.586871,6.138695
58.822847,6.046002
45.136237,9.801747
31.570683,2.280383
39.320716,3.725231
39.132644,2.881766
47.131170,9.253725
51.799272,6.182059
63.887961,1.860240
59.446085,4.981414
57.916750,4.246641
54.667358,5.431500
61.531000,5.045859
49.330649,4.973667
31.066481,4.938661
43.356724,4.535538
54.436372,2.368740
44.168821,1.192761
40.612909,3.172357
41.438081,2.917647
46.511691,3.566355
27.373128,1.099072
35.891787,2.748842
45.051672,17.329579
24.656996,3.596542
41.845014,0.071794
37.177431,6.113216
34.474441,6.952162
34.946846,5.242222
32.953796,0.381457
41.039605,1.007456
32.058749,0.668840
27.169475,1.132797
41.902776,1.484330
49.200128,8.077367
47.021752,0.328090
50.073895,0.964560
50.582580,3.029369
46.597681,3.325243
36.532265,0.316564
40.048916,1.281959
29.217329,3.293182
46.816598,0.211014
47.527129,2.245227
45.254934,0.326871
55.408147,0.029642
48.426360,16.404989
24.193848,1.049753
35.864285,7.778412
