32.219484,2.202769
38.451635,5.250076
38.838710,5.755780
41.933085,5.862667
34.805270,5.239942
31.018650,6.335593
41.027356,0.491568
36.055183,4.723416
40.802746,3.892045
45.180156,6.984355
40.700432,8.066357
53.960995,23.015437
65.474290,47.445557
17.153926,1.285387
23.029482,6.627848
26.168962,2.379033
25.034696,7.466355
17.272392,2.961551
22.453557,4.597432
22.464243,5.394700
10.760479,1.292145
7.993996,0.031766
75.441695,1.351840
75.176296,3.382841
7.279677,0.466424
6.997353,0.543515
8.341972,1.754540
67.625348,7.262008
61.727820,3.505133
59.623042,4.633810
55.642849,1.735351
54.335059,8.344983
53.246781,8.186394
40.663086,13.236470
23.359927,2.589702
29.075955,4.227326
30.005571,3.409299
27.873038,7.700977
31.625170,5.390960
40.307784,1.703051
38.586284,4.752764
38.897077,4.251446
37.124845,5.521535
42.892804,5.313566
34.292750,5.218269
20.942841,4.970008
29.070559,4.530292
35.511227,2.276221
28.522086,1.129582
24.184280,2.666413
24.717057,2.458317
25.951728,2.771831
14.209303,0.840653
18.578537,2.102509
38.962248,22.815436
14.034512,2.847843
41.313957,0.101122
36.868190,8.624424
34.055847,9.794088
34.324699,7.369254
32.188644,0.535094
40.223791,1.415089
31.322756,0.938323
26.459704,1.587196
40.546727,2.074399
29.983861,7.024767
36.629455,0.394770
36.763415,1.085139
33.711444,3.000522
32.505009,3.504822
27.944366,0.373526
32.980533,1.625818
21.368144,3.687404
39.673572,0.273800
37.356084,2.726522
30.220686,0.324658
45.049203,0.037176
34.804854,17.973851
12.823418,0.803115
27.758336,9.295880
