27.486694,1.627605
32.062168,3.826101
31.721868,4.150028
33.945334,4.209515
27.886785,3.745396
24.378078,4.493561
34.351376,0.359074
30.511982,3.472230
35.220675,2.899046
39.889298,5.294886
35.747021,6.088615
46.531384,17.130938
55.847027,35.053112
16.784983,1.103432
22.561478,5.700173
23.461901,1.828671
26.237924,7.115195
19.845678,2.997486
25.587872,4.650312
25.660669,5.457946
12.790164,1.308571
10.457887,0.032170
60.950445,0.969784
60.342196,2.419858
10.424226,0.472454
11.245686,0.556451
12.144050,1.777880
54.734259,5.213869
50.586033,2.531395
49.190728,3.357873
46.120423,1.260575
45.618994,6.105420
44.964773,6.010063
34.466977,9.740010
22.728626,2.204149
28.301593,3.600149
28.529772,2.806726
31.100044,7.755899
34.591479,5.374831
43.223227,1.668775
40.680713,4.564896
40.179357,3.968703
38.092581,5.102843
43.316372,4.791451
34.690254,4.718029
21.584360,4.623915
30.058703,4.235197
37.327321,2.177726
30.163173,1.089205
26.865834,2.681036
27.428589,2.470703
30.190114,2.806635
17.945200,0.851348
23.559050,2.129259
34.068528,17.160060
16.073982,2.881826
32.446132,0.071702
28.840514,6.106241
26.732698,6.943339
27.081471,5.234506
25.520000,0.380815
31.795008,1.005895
24.827682,0.667723
21.032623,1.130759
32.410517,1.481259
32.832627,7.009032
34.465786,0.320467
35.947399,0.930532
34.983990,2.819960
32.812315,3.158374
26.611888,0.308179
29.875863,1.262545
20.944997,3.173866
35.211913,0.208516
34.939861,2.196380
31.324094,0.304593
41.174322,0.029144
34.491011,15.734916
15.740072,0.813333
26.230661,7.589033
