21.553291,1.745694
25.277620,4.110276
25.120546,4.463774
26.928922,4.529919
22.165451,4.032540
19.440301,4.842193
27.057005,0.385640
23.972726,3.726375
27.535333,3.106476
30.994763,5.662086
27.816799,6.514179
36.387608,18.358226
43.793504,37.596860
12.594982,1.159663
16.921193,5.988628
18.149201,1.952297
19.066598,7.269620
13.512428,2.961339
17.548279,4.596624
17.562124,5.393962
8.434706,1.292144
6.268672,0.031766
48.370536,1.043704
47.946328,2.605151
5.708381,0.466519
5.481163,0.549292
6.541209,1.755562
43.422253,5.610769
40.031524,2.722260
38.872250,3.609642
36.409365,1.354710
35.909162,6.555910
35.346016,6.450937
27.069567,10.451700
17.093561,2.319992
21.281431,3.788963
21.645122,2.969874
21.700433,7.691999
24.489502,5.367387
30.997107,1.683258
29.465576,4.648715
29.420681,4.085733
27.986067,5.270300
32.064928,4.982807
25.659401,4.903117
15.822825,4.765557
21.998912,4.357933
27.081509,2.221398
21.809542,1.107282
18.808943,2.662106
19.218226,2.454033
20.323860,2.771789
11.142490,0.840653
14.568728,2.102508
26.543149,18.367121
10.975478,2.847551
25.877087,0.077267
23.015507,6.581214
21.322051,7.482403
21.582638,5.639716
20.321791,0.410209
25.331336,1.083676
19.771276,0.719269
16.741012,1.217897
25.772035,1.595000
23.226511,6.995945
26.246767,0.339771
26.981594,0.978142
25.555928,2.896349
24.293941,3.285053
20.178407,0.325988
23.038378,1.346244
15.705442,3.333981
27.319379,0.222857
26.663274,2.331117
22.896452,0.313036
31.662183,0.031040
25.745442,16.474276
10.055303,0.803115
19.945197,8.039824
