24.425239,1.996454
28.910479,4.722869
28.970644,5.147849
31.167168,5.231609
25.759429,4.664441
22.764905,5.615953
30.894234,0.442764
27.255296,4.269115
31.057426,3.542940
34.645302,6.418538
31.157853,7.395606
41.058783,20.942786
49.632361,42.999105
13.531994,1.251446
18.172023,6.457050
20.163495,2.202434
20.012754,7.444229
13.912589,2.961549
18.082460,4.597423
18.092190,5.394692
8.670020,1.292145
6.441205,0.031766
56.027580,1.205745
55.680384,3.012574
5.865505,0.466531
5.633354,0.547574
6.721278,1.755575
50.259726,6.480055
46.104925,3.137692
44.649071,4.155674
41.742248,1.558343
40.956424,7.522945
40.220331,7.393790
30.756228,11.969882
18.403372,2.513456
22.908739,4.103796
23.505181,3.264212
22.427614,7.700750
25.410912,5.389889
32.321786,1.701620
30.872787,4.742238
31.021721,4.227800
29.573630,5.481928
34.066100,5.249083
27.244909,5.158109
16.696116,4.939818
23.188655,4.506072
28.400145,2.270366
22.830374,1.127451
19.454493,2.666287
19.881749,2.458187
20.907408,2.771831
11.449221,0.840653
14.969755,2.102508
29.784091,20.878074
11.303785,2.847840
30.310945,0.089622
27.000537,7.637462
24.980261,8.679427
25.235164,6.537550
23.715529,0.475200
29.596574,1.255880
23.075209,0.833252
19.516702,1.410343
29.978828,1.845569
24.094405,7.023497
28.615873,0.375575
28.996365,1.056082
26.906839,2.986697
25.813830,3.461757
21.899351,0.357972
25.491185,1.513207
16.863146,3.593401
30.473312,0.252231
29.136758,2.584578
24.115927,0.323086
34.910634,0.034770
27.534220,17.613464
10.332517,0.803115
21.710014,8.866918
