24.818981,1.639969
28.747086,3.846007
28.295862,4.164597
30.222320,4.221740
24.780411,3.753968
21.598769,4.499667
30.835485,0.361082
27.477610,3.495438
31.936579,2.925353
36.506849,5.360866
32.641040,6.159289
42.176555,17.284073
50.423856,35.318692
16.385465,1.151329
22.046475,5.951139
21.628527,1.856552
27.360186,7.840293
22.960258,4.033370
29.367626,6.126855
29.521287,7.235657
15.158002,1.876265
12.479598,0.047186
54.244437,0.972479
53.637755,2.425642
12.274994,0.692996
13.022799,0.816197
14.264925,2.607804
48.729535,5.228955
45.156923,2.540906
43.982076,3.372253
41.285540,1.266463
40.982719,6.141206
40.466001,6.048863
31.055303,9.806828
22.086138,2.293696
27.510452,3.747101
27.245760,2.893896
34.877222,9.656335
37.893221,6.373172
46.254155,1.902255
42.698733,5.068957
41.253866,4.302658
38.842964,5.496856
43.484865,5.094787
34.881641,5.023016
22.109710,5.001810
30.894486,4.596189
39.049636,2.408627
31.769023,1.214679
29.975050,3.300063
30.564943,3.032938
35.300490,3.885757
21.483973,1.248363
28.199152,3.122514
31.049944,17.347359
18.540352,3.846651
28.744316,0.071797
25.537422,6.113416
23.681221,6.952433
24.006597,5.242483
22.638404,0.381480
28.192414,1.007511
22.023483,0.668881
18.665184,1.132876
28.788543,1.484458
36.013990,8.331695
32.678315,0.329274
35.071504,0.970591
36.094059,3.071963
32.926915,3.357305
25.442765,0.317928
27.688129,1.284485
20.475876,3.314477
32.303170,0.211303
32.997580,2.252628
32.277378,0.331392
38.346346,0.029710
34.034064,16.528180
18.826877,1.189273
24.942498,7.808319
