28.617101,2.025059
33.909670,4.794200
34.015698,5.228693
36.611627,5.314997
30.275656,4.739981
26.784125,5.709385
36.229081,0.449393
31.945180,4.331515
36.367390,3.592091
40.526932,6.501148
36.455983,7.492629
48.080985,21.234184
58.150747,43.615456
15.763771,1.258370
21.168153,6.492090
23.570628,2.229029
23.263700,7.450546
16.149905,2.961550
20.991240,4.597427
21.002247,5.394696
10.063516,1.292145
7.476399,0.031766
65.821598,1.225024
65.436151,3.061231
6.808182,0.466530
6.539121,0.547183
7.801500,1.755546
59.039904,6.583370
54.124514,3.186680
52.397549,4.219764
48.974857,1.582163
48.022343,7.634913
47.145982,7.502404
36.045728,12.144165
21.442907,2.528612
26.691999,4.128396
27.410864,3.290359
26.040044,7.700842
29.511925,5.390273
37.552068,1.702080
35.882531,4.745332
36.075156,4.234081
34.397814,5.492102
39.642359,5.264398
31.702913,5.172518
19.417162,4.947749
26.965330,4.512537
33.011102,2.272062
26.533080,1.128088
22.589203,2.666337
23.085608,2.458238
24.268546,2.771831
13.289275,0.840653
17.375609,2.102508
34.855650,21.156224
13.121770,2.847842
35.663853,0.091115
31.775798,7.765292
29.392577,8.824053
29.684162,6.645755
27.889207,0.483013
34.810939,1.276615
27.136543,0.846957
22.948195,1.433447
35.239243,1.875562
27.982447,7.023955
33.384326,0.378900
33.779464,1.061990
31.285928,2.990454
30.039677,3.471965
25.536662,0.360793
29.785318,1.530580
19.643106,3.612733
35.638349,0.255411
34.000069,2.608649
28.041718,0.323510
40.776144,0.035150
32.061181,17.691528
11.993109,0.803115
25.323453,8.942407
