32.790005,1.639547
37.994939,3.845472
37.407040,4.164296
39.956491,4.221520
32.763760,3.753837
28.559103,4.499603
40.752748,0.361025
36.308408,3.494705
42.181510,2.924353
48.182486,5.357868
43.088676,6.156198
55.707877,17.278303
66.618556,35.309631
21.447719,1.147701
28.852932,5.932058
28.526745,1.855145
35.351144,7.775432
28.749788,3.882830
36.893411,5.929035
37.051453,6.991965
18.739822,1.763772
15.085743,0.043738
71.716700,0.972432
70.917246,2.425551
14.643341,0.642342
15.296713,0.756538
16.978741,2.417191
64.424684,5.228684
59.695547,2.540700
58.138542,3.371914
54.571181,1.266315
54.161214,6.140167
53.473108,6.047665
41.034649,9.804684
28.931094,2.287036
36.034655,3.736158
35.783302,2.887939
44.178599,9.442599
48.345362,6.272454
59.388825,1.880232
55.085825,5.023301
53.485802,4.273664
50.433040,5.463126
56.636255,5.069732
45.416928,4.997722
28.679612,4.969155
40.045952,4.564783
50.417136,2.387846
40.951715,1.203237
38.031829,3.232403
38.795534,2.971883
43.986741,3.707872
26.136119,1.157428
34.277579,2.894825
40.994593,17.339443
23.244962,3.710878
38.007413,0.071796
33.767371,6.113349
31.312730,6.952341
31.742533,5.242392
29.932988,0.381472
37.276988,1.007492
29.119950,0.668867
24.679278,1.132848
38.063591,1.484412
45.930291,8.197619
42.960610,0.328698
45.911121,0.967563
46.747109,3.049875
42.888455,3.340890
33.410007,0.317257
36.499377,1.283305
26.795491,3.303768
42.625378,0.211171
43.402690,2.249048
41.815412,0.329049
50.522674,0.029677
44.467538,16.465782
23.052956,1.104966
32.777893,7.793712
