29.367026,1.637664
34.076818,3.842763
33.580469,4.162552
35.880067,4.220148
29.429724,3.752954
25.662999,4.499085
36.542089,0.360746
32.536065,3.491299
37.743703,2.920150
43.021059,5.346459
38.493842,6.144182
49.851199,17.253931
59.664922,35.269232
18.813633,1.137571
25.301838,5.878908
25.425654,1.850104
30.380722,7.612432
23.890399,3.567974
30.735582,5.497424
30.843820,6.466200
15.462889,1.576390
12.505210,0.038798
64.403965,0.972134
63.697732,2.424946
12.289214,0.569800
13.036335,0.671105
14.281132,2.144203
57.852283,5.226993
53.582084,2.539535
52.169867,3.370074
48.958303,1.265541
48.557574,6.135116
47.923904,6.042028
36.767383,9.794804
25.412529,2.268216
31.649140,3.705259
31.590618,2.870165
37.081548,8.943019
40.890689,6.029630
50.614890,1.826092
47.241708,4.909256
46.192655,4.199583
43.650811,5.376201
49.259461,5.003660
39.481614,4.931199
24.787300,4.885485
34.574107,4.484639
43.283713,2.335778
35.081304,1.174742
31.975491,3.072868
32.630799,2.827643
36.432408,3.364264
21.577169,1.026763
28.309845,2.567981
36.639179,17.308070
19.334523,3.421877
34.153560,0.071788
30.345194,6.112773
28.137914,6.951580
28.521765,5.241685
26.893388,0.381410
33.493544,1.007346
26.163033,0.668759
22.171995,1.132645
34.192233,1.484089
38.831293,7.874783
38.004320,0.326931
40.279517,0.959097
40.310886,2.993752
37.306863,3.297574
29.485931,0.315265
32.487627,1.279231
23.494537,3.273973
38.037277,0.210682
38.437536,2.237882
36.072596,0.323087
44.912286,0.029570
38.880362,16.295830
18.997012,0.980873
28.972734,7.749422
