27.344436,1.639769
31.678304,3.845760
31.184347,4.164462
33.308473,4.221643
27.311584,3.753911
23.805677,4.499641
33.978697,0.361056
30.275960,3.495094
35.181423,2.924874
40.201490,5.359397
35.947910,6.157781
46.462422,17.281308
55.554836,35.314400
17.966559,1.149429
24.171713,5.941141
23.809471,1.855854
29.792387,7.805511
24.585754,3.950687
31.500610,6.018745
31.649758,7.102308
16.126633,1.812188
13.150923,0.045149
59.783952,0.972459
59.116296,2.425603
12.882731,0.663069
13.606259,0.780950
14.961281,2.495183
53.705580,5.228836
49.765940,2.540813
48.469680,3.372099
45.496889,1.266395
45.159380,6.140723
44.587930,6.048302
34.217508,9.805820
24.226829,2.290217
30.176069,3.741384
29.927663,2.890821
37.574537,9.540378
40.981435,6.318726
50.195402,1.890389
46.456398,5.044441
45.004217,4.287168
42.407149,5.478871
47.554411,5.081497
38.139678,5.009592
24.126148,4.984376
33.699058,4.579406
42.503915,2.397476
34.549519,1.208531
32.321748,3.263390
32.964759,2.999852
37.704690,3.786994
22.692250,1.194698
29.775692,2.988103
34.198212,17.343514
19.866117,3.772238
31.681362,0.071797
28.146898,6.113388
26.100941,6.952395
26.459412,5.242445
24.951261,0.381477
31.072830,1.007503
24.273525,0.668875
20.572032,1.132864
31.729278,1.484438
38.941078,8.259205
35.913457,0.328978
38.457613,0.969006
39.353147,3.060148
36.009853,3.348600
27.944865,0.317581
30.471820,1.283895
22.448847,3.308864
35.568634,0.211238
36.274021,2.250798
35.197038,0.330139
42.190237,0.029693
37.281992,16.495321
19.939928,1.139867
27.406225,7.800805
