23.661467,1.467110
27.528181,3.444894
27.177992,3.733364
29.058558,3.785669
23.850620,3.367154
20.818708,4.037615
29.507042,0.323360
26.240828,3.128506
30.362513,2.614942
34.485990,4.783135
30.883927,5.498109
40.108032,15.451172
48.074005,31.596295
14.702824,1.009397
19.765319,5.215683
20.324785,1.653899
23.080764,6.655892
17.064056,2.951139
22.103186,4.568815
22.138022,5.366011
10.725136,1.291945
7.993877,0.031766
52.166663,0.872080
51.616573,2.175602
7.279494,0.466517
6.989518,0.549472
8.341540,1.755545
46.853980,4.688870
43.354279,2.277533
42.187093,3.021935
39.573075,1.134682
39.197698,5.498875
38.660981,5.414528
29.647749,8.776551
19.896778,2.014092
24.776508,3.289969
24.906600,2.554950
27.109313,7.547822
30.311508,5.162825
37.981272,1.581562
35.782030,4.283275
35.338754,3.688217
33.495100,4.729771
38.052954,4.417451
30.478657,4.352013
18.982608,4.293201
26.438130,3.937489
32.834580,2.040177
26.528387,1.023730
23.451483,2.602180
23.950323,2.396434
25.748516,2.768245
14.207279,0.840653
18.576465,2.102508
29.416988,15.491080
13.846883,2.835232
27.707391,0.064425
24.621788,5.486058
22.827621,6.238640
23.133808,4.703836
21.807883,0.342253
27.163986,0.903962
21.215889,0.600103
17.976867,1.016328
27.714163,1.331574
28.763907,6.737761
30.048822,0.291300
31.485765,0.851111
30.772730,2.625786
28.824389,2.911481
23.236854,0.280598
25.916715,1.142902
18.350213,2.904417
30.463067,0.188436
30.438523,1.994972
27.552742,0.283474
35.760464,0.026404
30.251600,14.433813
12.814445,0.803113
22.881614,6.902265
