24.880293,1.624471
29.055124,3.820620
28.774300,4.145653
30.803062,4.205687
25.316072,3.742570
22.146805,4.491312
31.123392,0.358530
27.630111,3.466183
31.861228,2.892627
36.040189,5.279801
32.306962,6.072227
42.095372,17.093454
50.551833,34.985764
15.076241,1.094413
20.263311,5.652990
21.179657,1.822540
23.487798,6.992732
17.766117,2.906074
22.897085,4.509736
22.964747,5.292458
11.480054,1.268308
9.481008,0.031180
55.312952,0.968932
54.775629,2.417968
9.534652,0.457915
10.391573,0.539298
11.124691,1.723167
49.667941,5.209142
45.878758,2.528582
44.599604,3.353739
41.806795,1.258914
41.326608,6.095823
40.722198,5.999876
31.209003,9.722697
20.421275,2.187162
25.427912,3.572286
25.667267,2.789636
27.812253,7.533740
30.932767,5.236805
38.664490,1.632450
36.408860,4.481189
35.989491,3.910435
34.130659,5.033270
38.841108,4.736599
31.103545,4.663007
19.335507,4.557703
26.923037,4.172332
33.411189,2.139041
26.992893,1.068572
24.024389,2.605669
24.527399,2.401596
27.048401,2.720502
16.208985,0.825147
21.288901,2.063729
30.797518,17.116080
14.387149,2.794191
29.477138,0.071667
26.204972,6.103518
24.286929,6.939965
24.599379,5.231637
23.176896,0.380583
28.878958,1.005320
22.548340,0.667318
19.099656,1.130030
29.425539,1.480191
29.359704,6.827647
31.026474,0.318711
32.289154,0.922981
31.329635,2.776395
29.422907,3.122382
23.939631,0.306272
26.953804,1.257835
18.810936,3.147448
31.804824,0.207887
31.464172,2.185049
28.053469,0.299949
37.128112,0.029025
30.958182,15.587934
14.174083,0.788302
23.607265,7.545617
