24.624978,1.639992
28.521741,3.846034
28.073723,4.164611
29.984959,4.221750
24.585721,3.753973
21.429010,4.499669
30.593867,0.361085
27.262574,3.495477
31.687468,2.925409
36.223708,5.361043
32.387491,6.159468
41.847503,17.284395
50.029698,35.319182
16.267752,1.151582
21.888360,5.952476
21.461687,1.856638
27.190718,7.845129
22.874489,4.045265
29.250590,6.142315
29.405774,7.254755
15.115336,1.885966
12.458314,0.047517
53.818377,0.972481
53.216367,2.425646
12.256396,0.697858
13.004958,0.821923
14.243625,2.626101
48.346818,5.228968
44.802481,2.540915
43.637006,3.372270
40.961740,1.266470
40.661685,6.141260
40.149233,6.048926
30.812321,9.806942
21.926271,2.294158
27.311425,3.747862
27.043428,2.894298
34.715796,9.672770
37.696320,6.380849
45.990537,1.903919
42.439339,5.072375
40.987329,4.304797
38.587659,5.499331
43.188680,5.096601
34.644882,5.024849
21.966009,5.004215
30.695409,4.598508
38.810039,2.410180
31.578076,1.215537
29.832417,3.305254
30.418556,3.037621
35.181458,3.900160
21.442978,1.257056
28.146238,3.144301
30.808465,17.347815
18.469301,3.857329
28.518393,0.071797
25.336696,6.113418
23.495091,6.952436
23.817923,5.242486
22.460498,0.381481
27.970850,1.007512
21.850409,0.668882
18.518510,1.132877
28.562348,1.484460
35.827940,8.341920
32.433376,0.329312
34.819306,0.970802
35.863791,3.073599
32.702453,3.358493
25.254110,0.317973
27.475507,1.284559
20.329134,3.315227
32.053057,0.211310
32.749071,2.252863
32.070772,0.331565
38.053209,0.029712
33.794157,16.532608
18.785097,1.197150
24.756222,7.809293
