26.579087,1.394708
30.864883,3.273493
30.431489,3.546526
32.521564,3.595817
26.680016,3.197933
23.271595,3.834053
33.093735,0.307292
29.455651,2.973633
34.145005,2.486539
38.879967,4.550928
34.797203,5.230427
45.099965,14.692119
54.001012,30.036908
16.886355,0.965223
22.707590,4.987917
22.960116,1.574351
27.096159,6.422235
21.157078,2.938194
27.226324,4.538144
27.319769,5.333912
13.697745,1.291490
11.166429,0.031766
58.377769,0.828327
57.744476,2.066302
11.069715,0.466517
11.865417,0.549466
12.883714,1.755545
52.437276,4.453714
48.553732,2.163649
47.266246,2.871102
44.351129,1.078122
43.971631,5.225894
43.389713,5.146280
33.284526,8.342340
22.819983,1.925107
28.419400,3.144710
28.419199,2.438363
32.886726,7.436109
36.322604,5.044611
45.042600,1.534854
42.109930,4.138266
41.256726,3.549104
39.011586,4.546537
44.090066,4.237235
35.332770,4.175327
22.143472,4.129737
30.876725,3.789604
38.593111,1.969791
31.261079,0.989789
28.367369,2.558859
28.951054,2.355474
32.259132,2.762678
19.201135,0.840652
25.202200,2.102508
33.127427,14.735122
17.123960,2.820429
30.971220,0.061177
27.518902,5.209299
25.516241,5.924059
25.862745,4.466819
24.384602,0.325020
30.370285,0.858426
23.722456,0.569887
20.102904,0.965178
30.998753,1.264624
34.489939,6.586330
34.215127,0.277848
36.155400,0.813819
35.987371,2.528763
33.393086,2.792563
26.522663,0.267819
29.320318,1.088320
21.084652,2.777702
34.366959,0.179316
34.619687,1.902268
32.207377,0.272942
40.512158,0.025152
34.859456,13.817291
16.862430,0.803103
26.075997,6.585017
