22.541974,1.745694
26.437144,4.110276
26.272864,4.463774
28.164194,4.529919
23.182215,4.032540
20.332058,4.842193
28.298152,0.385640
25.072393,3.726375
28.798422,3.106476
32.416541,5.662086
29.092799,6.514179
38.056764,18.358226
45.802381,37.596860
13.172733,1.159663
17.697394,5.988628
18.981733,1.952297
19.941212,7.269620
14.132264,2.961339
18.353246,4.596624
18.367726,5.393962
8.821619,1.292144
6.556226,0.031766
50.589367,1.043704
50.145701,2.605151
5.970233,0.466519
5.732592,0.549292
6.841264,1.755562
45.414100,5.610769
41.867832,2.722260
40.655380,3.609642
38.079519,1.354710
37.556371,6.555910
36.967393,6.450937
28.311290,10.451700
17.877670,2.319992
22.257643,3.788963
22.638018,2.969874
22.695866,7.691999
25.612874,5.367387
32.418993,1.683258
30.817208,4.648715
30.770253,4.085733
29.269832,5.270300
33.535797,4.982807
26.836437,4.903117
16.548642,4.765557
23.008036,4.357933
28.323781,2.221398
22.809980,1.107282
19.671738,2.662106
20.099796,2.454033
21.256147,2.771789
11.653614,0.840653
15.237019,2.102508
27.760724,18.367121
11.478941,2.847551
27.064110,0.077267
24.071264,6.581214
22.300127,7.482403
22.572667,5.639716
21.253984,0.410209
26.493324,1.083676
20.678215,0.719269
17.508949,1.217897
26.954238,1.595000
24.291948,6.995945
27.450747,0.339771
28.219281,0.978142
26.728218,2.896349
25.408342,3.285053
21.104022,0.325988
24.095185,1.346244
16.425875,3.333981
28.572562,0.222857
27.886360,2.331117
23.946748,0.313036
33.114577,0.031040
26.926426,16.474276
10.516556,0.803115
20.860114,8.039824
