31.639211,2.245183
37.827282,5.363954
38.276597,5.891652
41.360340,6.005452
34.364238,5.371825
30.687871,6.503910
40.347520,0.502027
35.427676,4.818612
40.033274,3.961576
44.259445,7.088802
39.884837,8.192623
52.947260,23.429460
64.295929,48.360039
16.712801,1.288434
22.436160,6.642990
25.610595,2.409564
24.337846,7.467189
16.775702,2.961551
21.808213,4.597432
21.818479,5.394700
10.450838,1.292145
7.763954,0.031766
74.425261,1.384981
74.210354,3.467511
7.070299,0.466325
6.798521,0.542319
8.102148,1.753827
66.702756,7.438974
60.816077,3.586848
58.707654,4.739024
54.766769,1.773999
53.422826,8.520181
52.328763,8.353266
39.950389,13.500905
22.764540,2.596951
28.334400,4.239022
29.271081,3.426372
27.074146,7.700979
30.723591,5.390977
39.168767,1.703087
37.507469,4.753125
37.827715,4.252555
36.110813,5.523572
41.741417,5.317625
33.370384,5.221980
20.368309,4.971471
28.270613,4.531412
34.520548,2.276432
27.722928,1.129651
23.491753,2.666414
24.009446,2.458318
25.205129,2.771831
13.800402,0.840653
18.043903,2.102509
38.192976,23.185898
13.631003,2.847843
40.876652,0.103813
36.494261,8.856281
33.697237,10.055099
33.944136,7.563043
31.815167,0.548981
39.769795,1.452115
30.960093,0.962690
26.145555,1.628085
40.042415,2.126981
29.128742,7.024786
35.751107,0.397230
35.819047,1.087767
32.780749,3.001128
31.632896,3.507548
27.258287,0.375331
32.256650,1.644310
20.817180,3.695692
38.851814,0.277698
36.471416,2.745559
29.387248,0.324728
44.037547,0.037552
33.893004,18.002111
12.454399,0.803115
27.086951,9.349013
