32.565838,1.639101
37.749307,3.844864
37.173740,4.163928
39.710166,4.221239
32.563955,3.753663
28.387350,4.499510
40.486961,0.360962
36.065528,3.493913
41.882636,2.923332
47.811869,5.354980
42.763982,6.153184
55.314459,17.272396
66.163345,35.300061
21.162248,1.144808
28.466004,5.916867
28.292454,1.853838
34.626212,7.727126
27.778165,3.780410
35.688000,5.791609
35.828610,6.823584
18.039524,1.696937
14.502677,0.041907
71.275588,0.972372
70.484021,2.425431
14.110088,0.615453
14.784682,0.724868
16.367672,2.316006
64.027596,5.228338
59.321392,2.540452
57.770150,3.371513
54.222500,1.266144
53.805792,6.139014
53.117321,6.046360
40.759007,9.802376
28.559225,2.281685
35.570330,3.727370
35.382898,2.882987
42.873517,9.289400
47.063906,6.199246
57.987406,1.864055
53.913954,4.989431
52.484353,4.251835
49.527860,5.437587
55.717107,5.050474
44.671890,4.978315
28.150231,4.944524
39.291446,4.541157
49.364216,2.372399
40.063770,1.194765
36.933903,3.183720
37.681860,2.927915
42.432869,3.591943
25.113289,1.109015
32.936970,2.773712
40.690818,17.331636
22.469331,3.617686
37.778925,0.071795
33.564765,6.113247
31.124536,6.952204
31.551211,5.242262
29.751999,0.381460
37.052046,1.007465
28.943906,0.668847
24.529773,1.132809
37.831958,1.484349
44.705157,8.100224
42.508081,0.328211
45.302700,0.965147
45.846018,3.033306
42.194254,3.328268
33.032678,0.316701
36.184815,1.282233
26.434970,3.295249
42.290359,0.211046
42.960662,2.245990
41.015402,0.327289
50.067653,0.029649
43.826938,16.416811
22.156033,1.059194
32.424055,7.781448
