29.960059,1.843791
35.195477,4.347759
35.034523,4.727193
37.584492,4.799428
30.963238,4.274571
27.201830,5.137146
37.661187,0.407818
33.341970,3.937966
38.245853,3.278172
42.995493,5.963541
38.597613,6.864277
50.544681,19.374418
60.875685,39.710050
17.457748,1.201787
23.455751,6.204264
25.158542,2.053087
26.652753,7.371080
19.708749,2.961513
25.439430,4.597265
25.503089,5.394553
12.671068,1.292145
10.361598,0.031766
67.521641,1.105908
66.966526,2.761276
10.336531,0.466523
11.161956,0.548923
12.043565,1.755583
60.604973,5.944633
55.814863,2.882394
54.169095,3.820563
50.718373,1.433489
49.972380,6.931745
49.167796,6.818200
37.644824,11.043968
23.686835,2.407580
29.490551,3.931633
29.975261,3.097088
31.039295,7.698499
34.690497,5.382889
43.591792,1.694964
41.244913,4.704382
41.011477,4.163618
38.969782,5.383341
44.556883,5.117034
35.662733,5.032415
22.048190,4.860248
30.670989,4.439464
37.881364,2.250193
30.551405,1.119439
26.839533,2.665161
27.408406,2.457055
29.944219,2.771825
17.774394,0.840653
23.335601,2.102508
36.839365,19.361807
15.969519,2.847787
36.210752,0.081976
32.217499,6.983410
29.838009,7.938572
30.189279,5.982283
28.413630,0.435036
35.427122,1.149410
27.644469,0.762808
23.401758,1.291459
36.008616,1.690914
32.916951,7.015006
36.345395,0.354987
37.397505,1.013850
35.653277,2.946794
33.756889,3.374002
27.944669,0.339850
31.923652,1.414110
21.771130,3.453563
37.887267,0.234604
36.922696,2.437914
31.936080,0.318620
43.861652,0.032569
35.713601,17.015213
15.587741,0.803115
27.619607,8.393665
