31.971691,2.156399
37.971629,5.128378
38.188616,5.612847
41.154862,5.713309
34.086243,5.102792
30.255240,6.162179
40.550351,0.480350
35.716421,4.620250
40.591754,3.814919
45.171433,6.864457
40.644938,7.922679
53.670086,22.556806
64.968349,46.445973
17.609365,1.280753
23.649575,6.604721
26.255927,2.342956
26.336822,7.464677
19.230427,2.961551
24.828940,4.597432
24.888711,5.394700
12.363055,1.292145
10.131555,0.031766
74.011193,1.317215
73.651054,3.294704
10.127145,0.466483
10.965465,0.544680
11.803754,1.755028
66.367973,7.076914
60.736946,3.418973
58.748185,4.522330
54.879539,1.694254
53.734470,8.156595
52.722694,8.005945
40.294836,12.949413
23.939732,2.578894
29.801183,4.209860
30.550631,3.385724
30.338198,7.700971
33.989320,5.390915
42.857348,1.702968
40.698472,4.752015
40.677272,4.249364
38.723830,5.517826
44.483148,5.306626
35.585313,5.211886
21.882007,4.967297
30.412907,4.528180
37.405792,2.275791
30.125254,1.129436
26.244991,2.666409
26.804349,2.458312
29.212155,2.771831
17.365510,0.840653
22.800981,2.102508
38.870645,22.396847
15.583376,2.847843
40.291073,0.098350
35.925270,8.386021
33.209185,9.525315
33.507406,7.169252
31.454344,0.520730
39.281457,1.376843
30.606704,0.913121
25.870197,1.544846
39.689585,2.019786
32.246371,7.024715
37.190880,0.391482
37.731487,1.081153
35.319198,2.999360
33.705324,3.500171
28.464207,0.371019
33.170478,1.603475
21.947032,3.674722
39.713087,0.269282
37.869613,2.701523
31.646782,0.324524
45.405810,0.036712
35.869533,17.928881
15.218902,0.803115
28.215702,9.223917
