30.560171,1.634893
35.523097,3.838399
35.049609,4.159456
37.466671,4.217596
30.745072,3.751208
26.828057,4.497916
38.082095,0.360304
33.880236,3.486132
39.236138,2.914207
44.619359,5.331407
39.946605,6.128087
51.827287,17.219356
62.089933,35.209707
19.211897,1.126664
25.831447,5.821771
26.323075,1.843721
30.566325,7.447698
23.525501,3.328455
30.313313,5.150347
30.405917,6.049985
15.158374,1.458294
12.242692,0.035858
67.258113,0.971574
66.539678,2.423762
12.049654,0.526616
12.806323,0.620254
14.006621,1.981703
60.410976,5.223845
55.916053,2.537502
54.421071,3.366967
51.056230,1.264260
50.593951,6.127209
49.912058,6.033406
38.281476,9.779904
25.978266,2.247806
32.351273,3.671767
32.426635,2.850227
36.741330,8.492244
40.711059,5.796647
50.640999,1.772500
47.462894,4.794537
46.633252,4.123889
44.134566,5.286921
49.980376,4.934881
40.044767,4.862056
25.036723,4.799844
34.895903,4.402810
43.517585,2.283278
35.219228,1.146153
31.715054,2.926416
32.373223,2.694730
35.803439,3.123701
21.115492,0.948947
27.704847,2.373360
38.039693,17.265488
19.050391,3.197157
35.704814,0.071770
31.726928,6.111426
29.416354,6.949848
29.813097,5.240136
28.106501,0.381279
35.007886,1.007030
27.343420,0.668530
23.170016,1.132224
35.723817,1.483441
38.650114,7.565788
39.077352,0.324915
41.137726,0.949974
40.651867,2.936607
37.856242,3.252467
30.258152,0.313035
33.590322,1.274202
23.983869,3.241963
39.427090,0.210045
39.560267,2.224992
36.387818,0.317011
46.381082,0.029441
39.604702,16.115551
18.593450,0.906570
29.770065,7.699226
