28.309153,2.156399
33.609007,5.128378
33.790350,5.612847
36.410253,5.713309
30.152196,5.102792
26.756472,6.162179
35.893831,0.480350
31.620553,4.620250
35.949227,3.814919
40.022239,6.864457
36.008040,7.922679
47.530898,22.556806
57.525686,46.445973
15.642412,1.280753
21.008752,6.604721
23.270264,2.342956
23.458807,7.464677
17.242309,2.961551
22.244512,4.597432
22.303032,5.394700
11.124442,1.292145
9.211383,0.031766
65.476842,1.317215
65.152284,3.294704
9.289205,0.466483
10.160255,0.544680
10.843546,1.755028
58.716485,7.076914
53.744415,3.418973
51.989900,4.522330
48.569774,1.694254
47.566102,8.156595
46.674928,8.005945
35.674896,12.949413
21.261889,2.578894
26.468024,4.209860
27.115015,3.385724
27.130361,7.700971
30.350446,5.390915
38.220989,1.702968
36.261854,4.752015
36.207553,4.249364
34.458704,5.517826
39.558205,5.306626
31.647571,5.211886
19.475611,4.967297
27.072262,4.528180
33.323059,2.275791
26.845555,1.129436
23.461790,2.666409
23.959863,2.458312
26.224950,2.771831
15.729907,0.840653
20.662445,2.102508
34.433218,22.396847
13.967963,2.847843
35.631417,0.098350
31.768920,8.386021
29.368361,9.525315
29.634045,7.169252
27.820091,0.520730
34.741480,1.376843
27.070304,0.913121
22.881934,1.544846
35.107696,2.019786
28.796298,7.024715
32.999246,0.391482
33.516153,1.081153
31.444808,2.999360
29.973166,3.500171
25.264326,0.371019
29.405092,1.603475
19.496657,3.674722
35.189803,0.269282
33.596286,2.701523
28.173705,0.324524
40.259603,0.036712
31.876347,17.928881
13.742826,0.803115
25.038463,9.223917
