29.295565,2.245183
35.025261,5.363954
35.441294,5.891652
38.296612,6.005452
31.818739,5.371825
28.414696,6.503910
37.358814,0.502027
32.803403,4.818612
37.067846,3.961576
40.980968,7.088802
36.930404,8.192623
49.025241,23.429460
59.533267,48.360039
15.474816,1.288434
20.774223,6.642990
23.713514,2.409564
22.535043,7.467189
15.533057,2.961551
20.192789,4.597432
20.202295,5.394700
9.676702,1.292145
7.188846,0.031766
68.912278,1.384981
68.713291,3.467511
6.546574,0.466325
6.294927,0.542319
7.501989,1.753827
61.761811,7.438974
56.311182,3.586848
54.358938,4.739024
50.709971,1.773999
49.465580,8.520181
48.452559,8.353266
36.991101,13.500905
21.078278,2.596951
26.235556,4.239022
27.102852,3.426372
25.068654,7.700979
28.447769,5.390977
36.267377,1.703087
34.729138,4.753125
35.025662,4.252555
33.435938,5.523572
38.649460,5.317625
30.898504,5.221980
18.859545,4.971471
26.176493,4.531412
31.963470,2.276432
25.669378,1.129651
21.751623,2.666414
22.230968,2.458318
23.338082,2.771831
12.778150,0.840653
16.707317,2.102509
35.363867,23.185898
12.621299,2.847843
37.848752,0.103813
33.790982,8.856281
31.201146,10.055099
31.429755,7.563043
29.458488,0.548981
36.823884,1.452115
28.666752,0.962690
24.208847,1.628085
37.076311,2.126981
26.971057,7.024786
33.102876,0.397230
33.165784,1.087767
30.352546,3.001128
29.289718,3.507548
25.239155,0.375331
29.867268,1.644310
19.275166,3.695692
35.973902,0.277698
33.769830,2.745559
27.210414,0.324728
40.775506,0.037552
31.382411,18.002111
11.531851,0.803115
25.080510,9.349013
