30.707517,1.937211
36.187025,4.576310
36.124680,4.982689
38.801818,5.061612
32.011616,4.510786
28.197530,5.426620
38.700173,0.429125
34.211575,4.140273
39.137244,3.440628
43.863733,6.244493
39.404656,7.191829
51.729882,20.336498
62.395909,41.722658
17.579259,1.234674
23.615650,6.371921
25.614150,2.145810
26.642016,7.425059
19.594562,2.961545
25.296498,4.597401
25.358357,5.394674
12.594667,1.292145
10.304087,0.031766
69.727652,1.166459
69.216613,2.913566
10.284166,0.466528
11.112260,0.548237
11.983569,1.755596
62.569377,6.269441
57.524948,3.037529
55.776872,4.024398
52.190259,1.509487
51.331547,7.292388
50.464897,7.169698
38.618110,11.609812
23.867661,2.477232
29.714258,4.044943
30.288704,3.204539
30.887842,7.700363
34.558894,5.388467
43.488195,1.700081
41.206030,4.732612
41.052397,4.209782
39.035157,5.453431
44.706756,5.208468
35.776108,5.119687
22.075201,4.917254
30.698556,4.487454
37.855868,2.265157
30.514236,1.125447
26.714160,2.666085
27.281827,2.457983
29.765848,2.771830
17.672182,0.840653
23.201954,2.102508
37.632181,20.295332
15.877974,2.847834
37.539882,0.086598
33.418048,7.378638
30.935317,8.386415
31.277677,6.318122
29.418359,0.459341
36.694963,1.213819
28.622922,0.805436
24.220588,1.363422
37.239932,1.784591
32.789774,7.021789
36.773330,0.368113
37.660923,1.041794
35.672560,2.975729
33.871968,3.434727
28.231375,0.351517
32.457566,1.475902
21.918183,3.546369
38.625230,0.245507
37.385617,2.531022
31.957088,0.321851
44.543280,0.033947
35.909298,17.417975
15.495613,0.803115
27.929836,8.696396
