23.945527,1.712097
28.051561,4.029405
27.850201,4.374460
29.843117,4.438695
24.553153,3.950769
21.517451,4.742862
30.032212,0.378080
26.622745,3.654063
30.609861,3.047469
34.496267,5.557654
30.950729,6.393141
40.448440,18.009094
48.653795,36.873147
14.097785,1.143691
18.941482,5.906685
20.216154,1.917144
21.422748,7.221891
15.239192,2.961188
19.786997,4.596104
19.803774,5.393472
9.516832,1.292144
7.073821,0.031766
53.600422,1.022657
53.115314,2.552386
6.441567,0.466518
6.185107,0.549360
7.381363,1.755557
48.120962,5.497765
44.388257,2.667930
43.116288,3.537983
40.393352,1.327919
39.863108,6.427720
39.249131,6.325492
30.064332,10.249206
19.127026,2.287092
23.813630,3.735338
24.188647,2.923535
24.452836,7.687537
27.573561,5.358072
34.868393,1.677033
33.117057,4.621744
33.030611,4.051384
31.408477,5.221727
35.954495,4.928087
28.774679,4.850140
17.762105,4.724174
24.699518,4.321830
30.432804,2.207656
24.516184,1.101297
21.191136,2.660070
21.651375,2.452030
22.926163,2.771753
12.573600,0.840653
16.439907,2.102508
29.526676,18.023794
12.377174,2.847350
28.641194,0.075681
25.470080,6.445867
23.599150,7.328809
23.892356,5.524277
22.500991,0.401836
28.044326,1.061519
21.891232,0.704586
18.538208,1.193077
28.545388,1.562607
26.152785,6.984412
29.313853,0.334287
30.199775,0.964618
28.698827,2.873668
27.240232,3.248836
22.551575,0.320930
25.676540,1.322448
17.581103,3.288495
30.414176,0.218779
29.769082,2.292835
25.710631,0.310537
35.305122,0.030501
28.837920,16.264025
11.346580,0.803115
22.281245,7.911771
