31.202811,1.639101
36.169143,3.844864
35.617566,4.163928
38.047780,4.221239
31.200707,3.753663
27.198925,4.499510
38.792230,0.360962
34.555951,3.493913
40.129806,2.923332
45.811338,5.354980
40.974557,6.153184
52.999476,17.272396
63.394107,35.300061
20.279329,1.144808
27.278438,5.916867
27.108893,1.853838
33.190097,7.727126
26.654436,3.780410
34.239004,5.791609
34.375386,6.823584
17.323044,1.696937
13.963212,0.041907
68.291767,0.972372
67.533306,2.425431
13.618718,0.615453
14.312886,0.724868
15.804614,2.316006
61.347208,5.228338
56.838091,2.540452
55.351834,3.371513
51.952727,1.266144
51.553580,6.139014
50.893990,6.046360
39.052993,9.802376
27.367352,2.281685
34.085888,3.727370
33.904824,2.882987
41.119012,9.289400
45.127086,6.199246
55.590997,1.864055
51.679714,4.989431
50.303771,4.251835
47.468678,5.437587
53.397304,5.050474
42.812215,4.978315
26.980382,4.944524
37.659170,4.541157
47.317660,2.372399
38.404249,1.194765
35.420379,3.183720
36.137191,2.927915
40.726817,3.591943
24.155413,1.109015
31.684283,2.773712
38.988064,17.331636
21.559034,3.617686
36.197325,0.071795
32.159586,6.113247
29.821520,6.952204
30.230337,5.242262
28.506454,0.381460
35.500886,1.007465
27.732190,0.668847
23.502855,1.132809
36.248166,1.484349
42.865908,8.100224
40.731745,0.328211
43.412536,0.965147
43.942228,3.033306
40.437421,3.328268
31.652860,0.316701
34.671349,1.282233
25.332167,3.295249
40.520972,0.211046
41.165096,2.245990
39.311974,0.327289
47.973879,0.029649
41.999743,16.416811
21.294147,1.059194
31.069296,7.781448
