31.099103,2.224486
37.025850,5.308032
37.328323,5.824639
40.272984,5.934919
33.401225,5.306573
29.728991,6.420419
39.522149,0.496896
34.770709,4.772046
39.437746,3.927784
43.795663,7.038526
39.425376,8.131695
52.149430,23.228171
63.196308,47.913783
16.952593,1.287076
22.766176,6.636251
25.422974,2.394986
25.296019,7.466846
18.485586,2.961551
23.861315,4.597432
23.920411,5.394700
11.898605,1.292145
9.786491,0.031766
72.443777,1.368605
72.153275,3.425630
9.813025,0.466380
10.666365,0.542918
11.443912,1.754213
64.947239,7.351554
59.344321,3.546571
57.354979,4.687234
53.549077,1.754994
52.356141,8.434296
51.338261,8.271590
39.221242,13.371615
23.053407,2.593704
28.697254,4.233785
29.457509,3.418563
29.141064,7.700978
32.639482,5.390970
41.153849,1.703072
39.086610,4.752978
39.081417,4.252089
37.211101,5.522710
42.766885,5.315875
34.210322,5.220382
21.024714,4.970855
29.219046,4.530942
35.925873,2.276345
28.931013,1.129623
25.207419,2.666414
25.744223,2.458317
28.092391,2.771831
16.752159,0.840653
21.999030,2.102509
37.719587,23.006780
14.978299,2.847843
39.594538,0.102478
35.325562,8.741210
32.637527,9.925610
32.905521,7.466962
30.867512,0.542100
38.565306,1.433762
30.036696,0.950616
25.378142,1.607832
38.904460,2.100956
30.966024,7.024779
35.883576,0.396095
36.325485,1.086596
33.929922,3.000875
32.405374,3.506372
27.443135,0.374506
32.091500,1.635535
21.126687,3.692006
38.485954,0.275826
36.552780,2.736731
30.402767,0.324698
43.898716,0.037375
34.511386,17.989676
14.665375,0.803115
27.216478,9.324577
