34.819310,1.637917
40.398022,3.843143
39.805759,4.162809
42.530220,4.220355
34.883164,3.753091
30.416973,4.499171
43.321562,0.360785
38.574722,3.491763
44.754879,2.920701
51.021746,5.347902
45.650574,6.145713
59.110993,17.257134
70.742235,35.274649
22.336802,1.138713
30.040441,5.884895
30.158285,1.850727
36.090939,7.630139
28.323836,3.598074
36.456504,5.539902
36.580203,6.517535
18.282330,1.592320
14.622984,0.039200
76.340320,0.972180
75.501585,2.425039
14.217997,0.575704
14.888285,0.678060
16.491317,2.166422
68.574811,5.227249
63.516244,2.539705
61.844052,3.370339
58.038235,1.265651
57.567108,6.135815
56.817791,6.042799
43.591804,9.796145
30.169521,2.270347
37.573739,3.708756
37.494183,2.872218
44.022239,8.994858
48.566341,6.055450
60.127492,1.831919
56.121778,4.921617
54.871044,4.207679
51.849288,5.385728
58.503502,5.010959
46.891481,4.938541
29.443756,4.894638
41.069926,4.493393
51.419515,2.341428
41.675689,1.177827
37.965304,3.089540
38.744462,2.842740
43.156230,3.395572
25.338617,1.037401
33.228703,2.594590
43.449506,17.312098
22.926928,3.449833
40.480321,0.071790
35.966202,6.112870
33.350276,6.951706
33.805596,5.241800
31.875917,0.381420
39.698596,1.007369
31.010231,0.668776
26.279966,1.132677
40.527904,1.484139
46.119564,7.909079
45.101102,0.327138
47.822155,0.960052
47.885526,2.999873
44.307704,3.302361
34.996809,0.315495
38.538605,1.279728
27.894829,3.277327
45.113201,0.210743
45.612159,2.239193
42.850559,0.323737
53.282237,0.029583
46.167823,16.314819
22.383658,0.991024
34.384656,7.754567
