27.115107,1.635428
31.507026,3.839262
31.078766,4.160085
33.218772,4.218121
27.256557,3.751573
23.780441,4.498170
33.778759,0.360391
30.056757,3.487137
34.820633,2.915341
39.617020,5.334228
35.463951,6.131115
45.993907,17.225960
55.090337,35.221194
17.114352,1.128607
23.012360,5.831945
23.380667,1.844904
27.324377,7.476567
21.182569,3.365692
27.273371,5.205293
27.362714,6.115527
13.693174,1.475869
11.153760,0.036292
59.631320,0.971690
58.990667,2.424009
11.058068,0.532998
11.854235,0.627768
12.870367,2.005724
53.561602,5.224493
49.583154,2.537913
48.261514,3.367590
45.280288,1.264515
44.878627,6.128760
44.277804,6.035087
33.962215,9.782798
23.136539,2.251448
28.812888,3.677742
28.853938,2.853813
32.994396,8.566989
36.500110,5.836454
45.337174,1.781805
42.444372,4.814604
41.651844,4.137203
39.405493,5.302646
44.588051,4.947037
35.727418,4.874271
22.359451,4.814914
31.170032,4.417198
38.908991,2.292470
31.501463,1.151148
28.470108,2.950896
29.058362,2.716987
32.275949,3.160264
19.179798,0.960450
25.173972,2.402128
33.767746,17.273527
17.147972,3.232333
31.648669,0.071774
28.121987,6.111721
26.074508,6.950224
26.427083,5.240469
24.915200,0.381307
31.032289,1.007097
24.238719,0.668579
20.539635,1.132313
31.669728,1.483577
34.655317,7.618516
34.759136,0.325279
36.645244,0.951599
36.318941,2.946646
33.771276,3.260440
26.925915,0.313436
29.843713,1.275129
21.366897,3.247662
35.011171,0.210164
35.181627,2.227327
32.507155,0.318079
41.218127,0.029464
35.300193,16.147552
16.846449,0.917557
26.484255,7.708276
