27.895095,1.502982
32.459216,3.530009
32.052257,3.826311
34.272946,3.880181
28.133157,3.451460
24.560990,4.139156
34.791346,0.331335
30.937649,3.205303
35.792863,2.678477
40.651815,4.897709
36.405783,5.630280
47.281592,15.826806
56.675709,32.368921
17.373451,1.030655
23.357208,5.325228
23.959631,1.693062
27.480357,6.761602
21.044511,2.954788
27.117784,4.578084
27.199926,5.375521
13.573689,1.292038
11.051653,0.031766
61.528799,0.893865
60.883657,2.230048
10.964975,0.466517
11.764859,0.549474
12.763692,1.755546
55.261740,4.805938
51.128107,2.334171
49.748573,3.096908
46.664091,1.162783
46.216438,5.634345
45.581583,5.547574
34.953971,8.991830
23.503288,2.057015
29.268162,3.360027
29.391542,2.611637
32.888576,7.587557
36.482028,5.209965
45.444431,1.601627
42.650123,4.348174
41.976692,3.752492
39.750328,4.815081
45.077005,4.502578
36.110873,4.435361
22.541044,4.368931
31.408713,4.005732
39.114504,2.071857
31.639975,1.038825
28.395224,2.618040
28.986038,2.411532
32.032507,2.769648
18.999723,0.840653
24.938110,2.102508
34.676784,15.864557
17.041426,2.839520
32.688146,0.066046
29.048789,5.624148
26.931283,6.395572
27.291356,4.822038
25.726062,0.350844
32.045317,0.926668
25.027757,0.615168
21.206249,1.041824
32.691126,1.364933
34.632712,6.797828
35.448273,0.297860
37.203300,0.869062
36.578171,2.670347
34.143542,2.967671
27.422643,0.286809
30.553712,1.169729
21.685643,2.965346
35.909828,0.192933
35.902501,2.040243
32.744741,0.288319
42.162573,0.027019
35.776794,14.728639
16.688346,0.803114
26.996524,7.056787
