29.891550,1.639969
34.622718,3.846007
34.079372,4.164597
36.399617,4.221740
29.845427,3.753968
26.013488,4.499667
37.137932,0.361082
33.093649,3.495438
38.463660,2.925353
43.967312,5.360866
39.311662,6.159289
50.796471,17.284073
60.729622,35.318692
19.728338,1.151329
26.544080,5.951139
26.048076,1.856552
32.916589,7.840293
27.513096,4.033370
35.212790,6.126855
35.390951,7.235657
18.105838,1.876265
14.733772,0.047186
65.331749,0.972479
64.601090,2.425642
14.329999,0.692996
14.995970,0.816197
16.619767,2.607804
58.689618,5.228955
54.386717,2.540906
52.971692,3.372253
49.723968,1.266463
49.359121,6.141206
48.736716,6.048863
37.402552,9.806828
26.592897,2.293696
33.123988,3.747101
32.808786,2.893896
41.873644,9.656335
45.535473,6.373172
55.618494,1.902255
51.364140,5.068957
49.643894,4.302658
46.747066,5.496856
52.343261,5.094787
41.986717,5.023016
26.607160,5.001810
37.177118,4.596189
46.977318,2.408627
38.213814,1.214679
35.996134,3.300063
36.706413,3.032938
42.255696,3.885757
25.477718,1.248363
33.424086,3.122514
37.395527,17.347359
22.222280,3.846651
34.619562,0.071797
30.757191,6.113416
28.521586,6.952433
28.913464,5.242483
27.265613,0.381480
33.954847,1.007511
26.525005,0.668881
22.480280,1.132876
34.672809,1.484458
43.275392,8.331695
39.351941,0.329274
42.226777,0.970591
43.431622,3.071963
39.634696,3.357305
30.637476,0.317928
33.345428,1.284485
24.652989,3.314477
38.904390,0.211303
39.737095,2.252628
38.839780,0.331392
46.180683,0.029710
40.974006,16.528180
22.405381,1.189273
30.035892,7.808319
