30.077150,1.639812
34.842954,3.845814
34.298986,4.164492
36.635054,4.221665
30.039089,3.753924
26.182901,4.499647
37.373344,0.361062
33.301187,3.495168
38.698253,2.924975
44.222777,5.359700
39.543101,6.158094
51.106817,17.281890
61.106787,35.315313
19.775555,1.149797
26.605773,5.943076
26.192479,1.855996
32.815822,7.812081
27.090391,3.965943
34.713011,6.038786
34.876558,7.126996
17.753844,1.823577
14.399201,0.045495
65.754616,0.972463
65.020071,2.425612
14.020878,0.668148
14.699084,0.786933
16.265490,2.514303
59.069252,5.228863
54.736615,2.540834
53.311190,3.372133
50.041682,1.266410
49.671213,6.140827
49.043075,6.048422
37.636678,9.806035
26.664840,2.290893
33.212882,3.742494
32.933440,2.891425
41.409413,9.562016
45.159836,6.328922
55.303354,1.892618
51.174397,5.049065
49.563183,4.290106
46.699498,5.482289
52.358657,5.084037
41.993547,5.012155
26.569466,4.987685
37.113220,4.582588
46.818926,2.399580
38.059606,1.209689
35.620174,3.270239
36.328681,3.006033
41.536264,3.805029
24.902923,1.203824
32.668086,3.010949
37.617947,17.344314
21.890874,3.785995
34.845042,0.071797
30.957605,6.113395
28.707361,6.952404
29.101663,5.242454
27.442945,0.381478
34.175796,1.007505
26.697527,0.668877
22.626416,1.132867
34.897928,1.484443
42.911791,8.272777
39.517616,0.329037
42.329524,0.969313
43.341936,3.062386
39.647621,3.350263
30.751847,0.317649
33.523047,1.284014
24.709534,3.309950
39.127166,0.211251
39.912867,2.251161
38.764041,0.330376
46.416748,0.029697
41.040608,16.501648
21.919079,1.148352
30.157477,7.802286
