23.926131,1.745694
28.060477,4.110276
27.886110,4.463774
29.893574,4.529919
24.605684,4.032540
21.580518,4.842193
30.035758,0.385640
26.611926,3.726375
30.566746,3.106476
34.407030,5.662086
30.879199,6.514179
40.393583,18.358226
48.614807,37.596860
13.981586,1.159663
18.784076,5.988628
20.147278,1.952297
21.165673,7.269620
15.000035,2.961339
19.480200,4.596624
19.495569,5.393962
9.363297,1.292144
6.958801,0.031766
53.695732,1.043704
53.224823,2.605151
6.336826,0.466519
6.084593,0.549292
7.261342,1.755562
48.202685,5.610769
44.438664,2.722260
43.151764,3.609642
40.417735,1.354710
39.862464,6.555910
39.237321,6.450937
30.049702,10.451700
18.975421,2.319992
23.624341,3.788963
24.028072,2.969874
24.089472,7.691999
27.185594,5.367387
34.409633,1.683258
32.709493,4.648715
32.659655,4.085733
31.067102,5.270300
35.595012,4.982807
28.484289,4.903117
17.564787,4.765557
24.420810,4.357933
30.062960,2.221398
24.210593,1.107282
20.879652,2.662106
21.333994,2.454033
22.561349,2.771789
12.369186,0.840653
16.172625,2.102508
29.465330,18.367121
12.183788,2.847551
28.725941,0.077267
25.549324,6.581214
23.669433,7.482403
23.958708,5.639716
22.559053,0.410209
28.120107,1.083676
21.947930,0.719269
18.584059,1.217897
28.609323,1.595000
25.783558,6.995945
29.136319,0.339771
29.952044,0.978142
28.369424,2.896349
26.968503,3.285053
22.399883,0.325988
25.574714,1.346244
17.434481,3.333981
30.327017,0.222857
29.598681,2.331117
25.417162,0.313036
35.147928,0.031040
28.579803,16.474276
11.162309,0.803115
22.140998,8.039824
