26.176929,1.632055
30.471050,3.833711
30.097686,4.155948
32.186522,4.214626
26.423607,3.749106
23.072861,4.496398
32.658295,0.359833
29.035973,3.480757
33.581350,2.908252
38.123916,5.316852
34.145383,6.112404
44.361040,17.184650
53.184989,35.148754
16.256357,1.117071
21.854758,5.771546
22.462789,1.837674
25.676491,7.307581
19.664084,3.170078
25.333727,4.913304
25.411847,5.768494
12.700640,1.385544
10.399024,0.034064
57.784483,0.970918
57.182844,2.422345
10.370658,0.500269
11.194220,0.589223
12.082666,1.882551
51.897694,5.220179
48.008174,2.535220
46.708561,3.363540
43.809690,1.262864
43.381073,6.118846
42.781245,6.024398
32.804554,9.764458
21.994907,2.229799
27.389552,3.642224
27.519838,2.832379
30.715550,8.155149
34.070681,5.610428
42.447325,1.727956
39.846609,4.697400
39.231634,4.058947
37.155778,5.210072
42.148798,4.875264
33.763872,4.802167
21.067905,4.726284
29.354186,4.332640
36.545155,2.238718
29.558777,1.122010
26.518420,2.815009
27.070069,2.593222
29.943588,2.970572
17.839991,0.901469
23.421674,2.254613
32.526495,17.223713
15.922202,3.046763
30.707789,0.071746
27.289818,6.109638
25.299804,6.947585
25.636908,5.238157
24.165399,0.381114
30.102157,1.006629
23.509509,0.668244
19.919269,1.131701
30.705381,1.482655
32.343471,7.319537
33.198774,0.323095
34.811730,0.941947
34.183148,2.887698
31.925861,3.213361
25.675394,0.311042
28.638740,1.269496
20.290471,3.213833
33.673311,0.209434
33.628722,2.213306
30.601403,0.311807
39.512466,0.029320
33.466719,15.957974
15.642899,0.861216
25.280903,7.654086
