24.816643,1.431010
28.834761,3.359373
28.441832,3.640087
30.399904,3.690867
24.943341,3.282634
21.761882,3.935904
30.914074,0.315344
27.508379,3.051266
31.870064,2.550947
36.262886,4.667510
32.460780,5.364790
42.096427,15.072856
50.420476,30.818790
15.676695,0.987573
21.079540,5.103172
21.402585,1.614317
25.056723,6.542623
19.494874,2.945809
25.088332,4.555852
25.173920,5.352543
12.630935,1.291780
10.361418,0.031766
54.571016,0.850231
53.984334,2.121013
10.336529,0.466517
11.161439,0.549469
12.043559,1.755545
49.016480,4.571445
45.376406,2.220683
44.167369,2.946654
41.439381,1.106456
41.072831,5.362698
40.523484,5.280737
31.082832,8.560010
21.191699,1.970096
26.391010,3.218153
26.422735,2.497164
30.318260,7.497759
33.512296,5.107768
41.599052,1.559282
38.927268,4.213214
38.183590,3.620341
36.119778,4.640157
40.859420,4.328921
32.740605,4.265253
20.496746,4.213377
28.575124,3.865361
35.682326,2.006111
28.893311,1.007363
26.155799,2.582571
26.695009,2.377853
29.727744,2.766048
17.771661,0.840652
23.332769,2.102508
30.907712,15.114508
15.778713,2.829075
28.962216,0.062802
25.734827,5.347762
23.861202,6.081454
24.183936,4.585417
22.800469,0.333644
28.398289,0.881212
22.181401,0.585008
18.796331,0.990776
28.981906,1.298133
31.819811,6.667354
31.827697,0.284627
33.566671,0.832685
33.297787,2.578534
30.946989,2.853058
24.657496,0.274265
27.320230,1.115758
19.572397,2.841828
32.047673,0.183896
32.213130,1.948961
29.802365,0.278342
37.734699,0.025782
32.339749,14.129802
15.576567,0.803110
24.251492,6.744937
