23.144814,1.502982
26.949545,3.530009
26.623670,3.826311
28.472699,3.880181
23.375608,3.451460
20.412081,4.139156
28.882752,0.331335
25.675794,3.205303
29.685277,2.678477
33.682450,4.897709
30.171764,5.630280
39.215108,15.826806
47.024617,32.368921
14.272417,1.030655
19.185069,5.325228
19.836049,1.693062
22.287433,6.761602
16.362074,2.954788
21.204251,4.578084
21.234567,5.375521
10.269581,1.292038
7.648862,0.031766
51.117482,0.893865
50.586446,2.230048
6.965271,0.466517
6.687818,0.549474
7.981473,1.755546
45.909542,4.805938
42.465968,2.334171
41.314410,3.096908
38.748832,1.162783
38.364692,5.634345
37.831489,5.547574
29.007599,8.991830
19.321982,2.057015
24.060067,3.360027
24.224546,2.611637
26.044985,7.587557
29.167005,5.209965
36.606725,1.601627
34.535412,4.348174
34.164114,3.752492
32.398986,4.815081
36.853234,4.502578
29.513897,4.435361
18.354949,4.368931
25.557314,4.005732
31.698392,2.071857
25.597666,1.038825
22.538303,2.618040
23.019601,2.411532
24.673753,2.769648
13.594640,0.840653
17.775258,2.102508
28.744543,15.864557
13.279686,2.839520
27.166559,0.066046
24.142805,5.624148
22.382232,6.395572
22.680353,4.822038
21.378398,0.350844
26.630588,0.926668
20.798160,0.615168
17.621892,1.041824
27.163650,1.364933
27.675353,6.797828
29.245407,0.297860
30.565578,0.869062
29.738843,2.670347
27.916513,2.967671
22.598209,0.286809
25.279723,1.169729
17.810837,2.965346
29.745683,0.192933
29.635660,2.040243
26.629592,0.288319
34.864395,0.027019
29.339257,14.728639
12.263631,0.803114
22.263825,7.056787
