29.677919,2.264830
35.512923,5.417763
35.965718,5.956738
38.878816,6.074187
32.318161,5.435633
28.889388,6.586002
37.872833,0.506953
33.241289,4.863048
37.536267,3.993382
41.468542,7.135192
37.375869,8.249126
49.646486,23.619071
60.310642,48.783726
15.619617,1.289516
20.968150,6.648349
23.984665,2.422796
22.724215,7.467427
15.657433,2.961551
20.354589,4.597432
20.364133,5.394700
9.754119,1.292145
7.246357,0.031766
69.966292,1.400951
69.785695,3.508443
6.599014,0.466258
6.346657,0.541725
7.562145,1.753374
62.701232,7.524171
57.136099,3.625914
55.139553,4.789112
51.428354,1.792340
50.140845,8.602518
49.103228,8.431307
37.482657,13.624158
21.277748,2.599564
26.483628,4.243235
27.372144,3.432900
25.270294,7.700979
28.678363,5.390981
36.565178,1.703096
35.018801,4.753226
35.325012,4.252889
33.724364,5.524200
38.991077,5.318943
31.170861,5.223179
19.021224,4.971915
26.399917,4.531748
32.230916,2.276491
25.882802,1.129670
21.926811,2.666415
22.410080,2.458318
23.524850,2.771831
12.880375,0.840653
16.840976,2.102510
35.795501,23.352683
12.722383,2.847843
38.482558,0.105126
34.364409,8.969555
31.724499,10.182456
31.948099,7.657418
29.936668,0.555730
37.427483,1.470134
29.132435,0.974534
24.598527,1.647938
37.662595,2.152449
27.189559,7.024791
33.439586,0.398194
33.476555,1.088701
30.610396,3.001308
29.548782,3.508433
25.489061,0.376019
30.199992,1.652177
19.454914,3.698622
36.396082,0.279416
34.118080,2.753130
27.441925,0.324749
41.219817,0.037709
31.669051,18.011798
11.624106,0.803115
25.333160,9.369636
