31.865562,1.624471
37.223192,3.820620
36.871177,4.145653
39.473869,4.205687
32.444926,3.742570
28.386722,4.491312
39.871005,0.358530
35.391239,3.466183
40.799397,2.892627
46.133022,5.279801
41.358261,6.072227
53.905412,17.093454
64.744673,34.985764
19.241563,1.094413
25.860425,5.652990
27.102650,1.822540
29.860714,6.992732
22.332003,2.906074
28.823250,4.509736
28.896644,5.292458
14.334138,1.268308
11.603087,0.031180
70.884230,0.968932
70.199181,2.417968
11.467062,0.457915
12.247028,0.539298
13.339031,1.723167
63.649143,5.209142
58.786877,2.528582
57.144070,3.353739
53.563153,1.258914
52.940231,6.095823
52.162235,5.999876
39.974578,9.722697
26.069355,2.187162
32.460196,3.572286
32.793787,2.789636
35.126335,7.533740
39.167588,5.236805
49.059767,1.632450
46.266266,4.481189
45.801597,3.910435
43.454701,5.033270
49.497781,4.736599
39.633617,4.663007
24.610756,4.557703
34.261020,4.172332
42.467020,2.139041
34.292375,1.068572
30.360852,2.605669
31.000971,2.401596
33.920594,2.720502
19.980916,0.825147
26.220688,2.063729
39.428992,17.116080
18.095000,2.794191
37.782544,0.071667
33.589129,6.103518
31.130039,6.939965
31.529611,5.231637
29.705498,0.380583
37.014437,1.005320
28.899929,0.667318
24.479346,1.130030
37.712230,1.480191
37.170932,6.827647
39.654202,0.318711
41.211335,0.922981
39.858820,2.776395
37.496393,3.122382
30.584859,0.306272
34.483758,1.257835
24.006339,3.147448
40.707509,0.207887
40.220815,2.185049
35.693677,0.299949
47.490397,0.029025
39.489412,15.587934
17.577768,0.788302
30.167866,7.545617
