25.633468,1.778862
30.043021,4.190330
29.844952,4.552370
31.989960,4.620483
26.328943,4.113793
23.090425,4.941046
32.161060,0.393119
28.503408,3.797835
32.762665,3.164634
36.919484,5.764628
33.124610,6.633139
43.293640,18.702378
52.083585,38.311328
15.164520,1.174694
20.377520,6.065662
21.639040,1.986704
23.343887,7.309956
17.465108,2.961429
22.519735,4.596948
22.582934,5.394263
11.276712,1.292145
9.326404,0.031766
57.460185,1.064603
56.953137,2.657572
9.393862,0.466520
10.256569,0.549199
10.963362,1.755568
51.582967,5.722956
47.562565,2.776136
46.190414,3.680656
43.267735,1.381248
42.686125,6.682708
42.023493,6.574935
32.187135,10.651768
20.561788,2.351092
25.601012,3.839638
25.951506,3.014316
27.402386,7.695060
30.547691,5.374271
38.289444,1.688183
36.151014,4.671156
35.855896,4.115746
34.043014,5.313303
38.849002,5.032533
31.100566,4.951139
19.271166,4.801885
26.818575,4.389413
33.190571,2.232925
26.788497,1.112220
23.681320,2.663526
24.179958,2.455432
26.577256,2.771808
15.934321,0.840653
20.929728,2.102508
31.600727,18.704814
14.145772,2.847672
30.735784,0.078845
27.336969,6.715957
25.325492,7.635272
25.635093,5.754564
24.137765,0.418536
30.087762,1.105718
23.483859,0.733872
19.884773,1.242575
30.612532,1.627192
28.990057,7.004438
31.429132,0.345057
32.482340,0.990876
31.188939,2.915973
29.431049,3.317985
24.197856,0.330835
27.488765,1.369477
18.915155,3.376722
32.551490,0.226858
31.906758,2.368110
27.933102,0.315203
37.805487,0.031565
31.068607,16.669809
13.927004,0.803115
23.895243,8.163013
