35.729899,1.639769
41.393387,3.845760
40.748241,4.164462
43.523899,4.221643
35.687874,3.753911
31.106784,4.499641
44.399174,0.361056
39.560643,3.495094
45.969674,2.924874
52.527505,5.359397
46.970150,6.157781
60.710015,17.281308
72.591329,35.314400
23.463573,1.149429
31.566862,5.941141
31.108645,1.855854
38.860863,7.805511
31.887889,3.950687
40.891572,6.018745
41.075381,7.102308
20.825255,1.812188
16.719648,0.045149
78.119211,0.972459
77.246872,2.425603
16.134647,0.663069
16.728651,0.780950
18.687650,2.495183
70.176627,5.228836
65.028543,2.540813
63.334602,3.372099
59.450000,1.266395
59.008626,6.140723
58.261726,6.048302
44.710890,9.805820
31.640919,2.290217
39.410649,3.741384
39.093230,2.890821
48.865555,9.540378
53.364323,6.318726
65.423555,1.890389
60.586620,5.044441
58.724581,4.287168
55.343723,5.478871
62.079103,5.081497
49.787425,5.009592
31.483032,4.984376
43.971842,4.579406
55.436943,2.397476
45.053727,1.208531
42.047619,3.263390
42.887257,2.999852
48.832277,3.786994
29.021602,1.194698
38.054775,2.988103
44.684258,17.343514
25.775349,3.772238
41.397912,0.071797
36.779450,6.113388
34.105999,6.952395
34.574400,5.242445
32.603693,0.381477
40.602728,1.007503
31.718099,0.668875
26.881369,1.132864
41.460460,1.484438
50.704340,8.259205
46.915063,0.328978
50.224378,0.969006
51.345121,3.060148
47.008769,3.348600
36.502817,0.317581
39.812405,1.283895
29.316741,3.308864
46.473750,0.211238
47.387520,2.250798
45.923849,0.330139
55.121408,0.029693
48.681964,16.495321
25.621827,1.139867
35.800910,7.800805
