36.579276,1.635428
42.509471,3.839262
41.935096,4.160085
44.823871,4.218121
36.779711,3.751573
32.090254,4.498170
45.573606,0.360391
40.549653,3.487137
46.970492,2.915341
53.430107,5.334228
47.831381,6.131115
62.042892,17.225960
74.318970,35.221194
23.038893,1.128607
30.977534,5.831945
31.527507,1.844904
36.675031,7.476567
28.147866,3.365692
36.290678,5.205293
36.395693,6.115527
18.077991,1.475869
14.424829,0.036292
80.464183,0.971690
79.601043,2.424009
14.036841,0.532998
14.714348,0.627768
16.283730,2.005724
72.273579,5.224493
66.902607,2.537913
65.117684,3.367590
61.094056,1.264515
60.548481,6.128760
59.736024,6.035087
45.818088,9.782798
31.150811,2.251448
38.792958,3.677742
38.870676,2.853813
44.036295,8.566989
48.825600,5.836454
60.754796,1.781805
56.947966,4.814604
55.951179,4.137203
52.951389,5.302646
59.957724,4.947037
48.039450,4.874271
30.039070,4.814914
41.868730,4.417198
52.214502,2.292470
42.257107,1.151148
38.018684,2.950896
38.809188,2.716987
42.793552,3.160264
24.993045,0.960450
32.775070,2.402128
45.545474,17.273527
22.798910,3.232333
42.707993,0.071774
37.949157,6.111721
35.186021,6.950224
35.661516,5.240469
33.621048,0.381307
41.875790,1.007097
32.708205,0.668579
27.716439,1.132313
42.735026,1.483577
46.352630,7.618516
46.835999,0.325279
49.331883,0.951599
48.775465,2.946646
45.413132,3.260440
36.272076,0.313436
40.237414,1.275129
28.762080,3.247662
47.215852,0.210164
47.410665,2.227327
43.659151,0.318079
55.566385,0.029464
47.501362,16.147552
22.088810,0.917557
35.683002,7.708276
