32.445731,1.618087
37.989618,3.809253
37.705175,4.136384
40.399514,4.197488
33.235650,3.736428
29.124109,4.486257
40.675195,0.357406
36.065889,3.453791
41.490225,2.879648
46.797683,5.249656
41.978635,6.039395
54.824171,17.017615
65.924656,34.848547
19.282358,1.076931
25.911429,5.561563
27.445225,1.810365
29.679633,6.767456
22.024054,2.762452
28.435943,4.287835
28.505166,5.031641
14.127291,1.205381
11.445920,0.029633
72.559201,0.967102
71.898850,2.413872
11.323937,0.435195
12.109727,0.512427
13.175026,1.637684
65.142675,5.199014
60.097808,2.522644
58.381113,3.345079
54.698132,1.255452
53.993055,6.076035
53.168223,5.978968
40.729807,9.687265
26.142626,2.154178
32.549830,3.518193
32.978126,2.756258
34.699569,7.174289
38.756236,5.004368
48.639941,1.568443
45.955014,4.328680
45.600278,3.801178
43.297883,4.901913
49.413020,4.631748
39.557660,4.557947
24.509093,4.433244
34.106463,4.054586
42.195461,2.068209
34.049970,1.031186
30.002056,2.482793
30.637182,2.288700
33.440138,2.585660
19.701705,0.784205
25.855568,1.961332
40.040177,17.027780
17.847776,2.656291
38.766122,0.071587
34.473789,6.097337
31.941639,6.932360
32.338876,5.225239
30.456132,0.380070
37.958882,1.004042
29.630768,0.666421
25.092600,1.128426
38.639055,1.477862
36.776798,6.522960
39.927423,0.315273
41.302249,0.908343
39.662223,2.695148
37.434063,3.053564
30.750910,0.302549
34.877968,1.248515
24.052133,3.096268
41.269569,0.206634
40.527039,2.162832
35.522554,0.291275
47.983209,0.028790
39.512066,15.304288
17.326600,0.749187
30.360074,7.460702
