32.516774,1.638348
37.714290,3.843784
37.153244,4.163235
39.693209,4.220695
32.553907,3.753314
28.383100,4.499307
40.445716,0.360851
36.019323,3.492552
41.803908,2.921650
47.680103,5.350411
42.655637,6.148372
55.212390,17.262642
66.063998,35.283904
20.951251,1.140766
28.178746,5.895659
28.193934,1.851819
33.993926,7.662286
26.884179,3.655172
34.579037,5.619749
34.703500,6.614276
17.397950,1.623461
13.975916,0.039992
71.246914,0.972254
70.460933,2.425192
13.629047,0.587335
14.322796,0.691757
15.816443,2.210199
64.000392,5.227668
59.285579,2.539988
57.728645,3.370781
54.178822,1.265836
53.747539,6.136997
53.052219,6.044107
40.705030,9.798427
28.290245,2.274173
35.233938,3.715037
35.122226,2.875884
41.677127,9.090537
45.899281,6.102668
56.732458,1.842527
52.883773,4.944072
51.630605,4.222352
48.765688,5.402983
54.969588,5.024152
44.063487,4.951815
27.700749,4.911222
38.647104,4.509262
48.442177,2.351688
39.280216,1.183433
35.928854,3.120230
36.662786,2.870515
41.004384,3.455775
24.186411,1.058360
31.722717,2.647009
40.595045,17.319073
21.755657,3.502671
37.773438,0.071792
33.560668,6.113023
31.120111,6.951907
31.545666,5.241985
29.745680,0.381436
37.045034,1.007407
28.937812,0.668804
24.524034,1.132729
37.821178,1.484221
43.591009,7.971820
42.230124,0.327505
44.854174,0.961768
45.071779,3.010974
41.630253,3.311011
32.785011,0.315905
36.038834,1.280602
26.166803,3.283361
42.163832,0.210850
42.698917,2.241523
40.329368,0.324917
49.839624,0.029606
43.332551,16.349039
21.339601,1.011007
32.201286,7.763742
