27.659470,1.615366
32.406523,3.804349
32.182807,4.132325
34.491193,4.193870
28.383161,3.733690
24.884894,4.483950
34.693341,0.356922
30.752587,3.448489
35.358165,2.874144
39.856829,5.236973
35.757491,6.025560
46.722734,16.985442
56.199992,34.790060
16.387851,1.069746
22.021516,5.524003
23.365375,1.805265
25.224416,6.679776
18.816609,2.712761
24.273737,4.210882
24.338680,4.941265
12.121592,1.183662
9.954558,0.029099
61.951040,0.966293
61.398359,2.412050
9.965872,0.427354
10.805781,0.503130
11.618826,1.608180
55.615997,5.194545
51.290903,2.520050
49.816261,3.341316
46.667430,1.253952
46.049021,6.067532
45.338099,5.970012
34.727823,9.672117
22.219857,2.140598
27.665499,3.495925
28.039642,2.742441
29.566350,7.047834
32.982582,4.920360
41.360582,1.544476
39.060718,4.269862
38.748745,3.757837
36.790794,4.849432
41.986139,4.589302
33.611965,4.515465
20.826217,4.383748
28.982126,4.007931
35.863224,2.040762
28.943515,1.016840
25.555829,2.439355
26.094972,2.248739
28.611561,2.539091
17.050851,0.770074
22.389587,1.925990
34.110388,16.990516
15.243265,2.608544
33.124067,0.071551
29.459481,6.094496
27.293181,6.928883
27.628881,5.222334
26.016952,0.379838
32.428744,1.003463
25.312051,0.666016
21.433678,1.127705
32.999800,1.476820
31.299792,6.413037
33.954877,0.313847
35.102589,0.902326
33.704270,2.663096
31.807672,3.025695
26.145229,0.301009
29.685608,1.244620
20.441222,3.075245
35.143782,0.206108
34.468906,2.153606
30.186101,0.287848
40.831157,0.028692
33.576615,15.188263
14.934546,0.735688
25.816550,7.425507
