29.862039,1.639475
34.604083,3.845376
34.069776,4.164240
36.392154,4.221477
29.841335,3.753811
26.012027,4.499590
37.115462,0.361015
33.066981,3.494579
38.413529,2.924188
43.874531,5.357390
39.237059,6.155702
50.731789,17.277345
60.669918,35.308094
19.514420,1.147195
26.251767,5.929402
25.974202,1.854927
32.135924,7.766830
26.121130,3.864009
33.517334,5.903974
33.661584,6.961197
17.040687,1.750958
13.789969,0.043378
65.319309,0.972423
64.591553,2.425534
13.462406,0.637056
14.162813,0.750310
15.625505,2.397287
58.677660,5.228632
54.369575,2.540662
52.950959,3.371852
49.701524,1.266289
49.326899,6.139985
48.699562,6.047457
37.371136,9.804316
26.324892,2.286103
32.788398,3.734625
32.567415,2.887084
40.134224,9.414992
43.925224,6.259327
53.970898,1.877340
50.071651,5.017263
48.630983,4.269788
45.859537,5.458598
51.511188,5.066331
41.306189,4.994294
26.077223,4.964784
36.410548,4.560587
45.829798,2.385094
37.222534,1.201726
34.550768,3.223643
35.244757,2.963973
39.973468,3.686252
23.839128,1.147912
31.272734,2.871017
37.330851,17.338163
21.118820,3.693808
34.617690,0.071796
30.755849,6.113335
28.520084,6.952321
28.911487,5.242374
27.263258,0.381470
33.952302,1.007488
26.522738,0.668864
22.478091,1.132842
34.668501,1.484402
41.730534,8.180152
39.103350,0.328614
41.773020,0.967141
42.501235,3.046930
39.007651,3.338661
30.406962,0.317161
33.231475,1.283125
24.379663,3.302278
38.813321,0.211150
39.507720,2.248524
38.018094,0.328736
45.996613,0.029673
40.453244,16.457185
20.993108,1.096002
29.833782,7.791600
