24.507189,1.538603
28.536421,3.614670
28.193908,3.918884
30.153591,3.974361
24.757276,3.535516
21.621541,4.240494
30.583132,0.339266
27.187004,3.281611
31.433787,2.741508
35.673065,5.011140
31.953019,5.761198
41.524748,16.199493
49.792618,33.136161
15.183850,1.051300
20.412472,5.431574
21.013331,1.731770
23.958935,6.859361
18.364006,2.957228
23.652231,4.584574
23.726945,5.382093
11.880219,1.292089
9.786453,0.031766
54.135895,0.915576
53.575810,2.284328
9.812825,0.466517
10.658611,0.549474
11.443448,1.755546
48.619874,4.922595
44.969753,2.390570
43.748870,3.171532
41.031323,1.190746
40.623065,5.769028
40.058190,5.679792
30.714908,9.205710
20.545816,2.098782
25.584866,3.428187
25.717268,2.667139
28.662766,7.618397
31.787232,5.249567
39.601998,1.619449
37.179254,4.407684
36.613118,3.812933
34.678762,4.895795
39.347790,4.584049
31.519284,4.515045
19.662276,4.440298
27.394612,4.069842
34.099659,2.101034
27.579440,1.052599
24.744546,2.630592
25.258946,2.423533
27.978200,2.770525
16.751370,0.840653
21.998241,2.102508
30.440252,16.234649
14.867820,2.842442
28.776383,0.067663
25.574168,5.761992
23.708633,6.552199
24.023543,4.939982
22.643694,0.359415
28.207345,0.949323
22.029151,0.630196
18.664511,1.067256
28.769688,1.398199
30.175952,6.848102
31.030062,0.304297
32.515433,0.886501
31.899858,2.712052
29.804408,3.021461
23.992958,0.292888
26.785998,1.196211
18.951246,3.024485
31.505837,0.197382
31.435306,2.084716
28.557750,0.292859
36.950488,0.027625
31.252051,15.013571
14.661319,0.803114
23.627607,7.208281
