25.188390,1.639547
29.186029,3.845472
28.734092,4.164296
30.692341,4.221520
25.167216,3.753837
21.937371,4.499603
31.304556,0.361025
27.890875,3.494705
32.403228,2.924353
37.014763,5.357868
33.101189,6.156198
42.793919,17.278303
51.174553,35.309631
16.487441,1.147701
22.180372,5.932058
21.915778,1.855145
27.215688,7.775432
22.279524,3.882830
28.562566,5.929035
28.692704,6.991965
14.593571,1.763772
11.949463,0.043738
55.088722,0.972432
54.474529,2.425551
11.786113,0.642342
12.553297,0.756538
13.704649,2.417191
49.487435,5.228684
45.855002,2.540700
44.659146,3.371914
41.918992,1.266315
41.604475,6.140167
41.076120,6.047665
31.521466,9.804684
22.238588,2.287036
27.699043,3.736158
27.499438,2.887939
34.131160,9.442599
37.294997,6.272454
45.763871,1.880232
42.417687,5.023301
41.158649,4.273664
38.802643,5.463126
43.559834,5.069732
34.932069,4.997722
22.068318,4.969155
30.817200,4.564783
38.818460,2.387846
31.537705,1.203237
29.371609,3.232403
29.958874,2.971883
34.143212,3.707872
20.570546,1.157428
26.998289,2.894825
31.492192,17.339443
18.006564,3.710878
29.194987,0.071796
25.938034,6.113349
24.052537,6.952341
24.382701,5.242392
22.992733,0.381472
28.633942,1.007492
22.368205,0.668867
18.957155,1.132848
29.238222,1.484412
35.434483,8.197619
33.012546,0.328698
35.292808,0.967563
35.977793,3.049875
32.985912,3.340890
25.675903,0.317257
28.041807,1.283305
20.598878,3.303768
32.746123,0.211171
33.350906,2.249048
32.181110,0.329049
38.817095,0.029677
34.189419,16.465782
18.051166,1.104966
25.188552,7.793712
