35.891119,1.639307
41.597179,3.845150
40.958811,4.164104
43.752083,4.221374
35.877408,3.753747
31.274603,4.499556
44.615001,0.360992
39.745646,3.494282
46.164149,2.923802
52.712915,5.356295
47.144513,6.154560
60.968458,17.275117
72.919146,35.304496
23.383097,1.146080
31.454521,5.923545
31.199330,1.854429
38.357916,7.748112
30.877258,3.823931
39.663516,5.850326
39.821783,6.895423
20.050184,1.724495
16.039706,0.042649
78.529905,0.972401
77.656296,2.425489
15.510905,0.626348
16.129704,0.737698
17.972868,2.356996
70.544634,5.228504
65.362464,2.540570
63.655193,3.371703
59.747543,1.266225
59.292859,6.139553
58.536495,6.046968
44.918589,9.803450
31.550916,2.284041
39.296936,3.731239
39.064509,2.885181
47.619605,9.355415
52.232775,6.230905
64.300689,1.871066
59.739460,5.004135
58.105512,4.261336
54.817617,5.448714
61.630335,5.058886
49.416006,4.986790
31.162310,4.955249
43.501382,4.551439
54.691104,2.379107
44.398665,1.198442
41.015825,3.204720
41.844760,2.946885
47.171955,3.640689
27.837489,1.128635
36.500811,2.822789
44.856632,17.335207
24.974839,3.657376
41.621343,0.071795
36.978367,6.113298
34.290125,6.952272
34.760476,5.242326
32.778547,0.381466
40.820967,1.007478
31.888235,0.668856
27.025228,1.132828
41.681195,1.484379
49.617290,8.142337
46.919073,0.328427
50.055854,0.966210
50.765816,3.040513
46.671591,3.333782
36.471219,0.316947
39.909179,1.282716
29.210742,3.298993
46.628652,0.211103
47.412112,2.247352
45.414586,0.328055
55.229588,0.029662
48.446077,16.438282
24.597645,1.077788
35.792302,7.786891
