27.891081,1.906644
32.900199,4.501222
32.864596,4.898498
35.307533,4.975120
29.134471,4.432766
25.669083,5.330812
35.179624,0.422129
31.085536,4.073975
35.525524,3.387607
39.758338,6.153349
35.729650,7.085403
46.958762,20.022430
56.673553,41.064109
15.740571,1.224756
21.140961,6.321446
23.189223,2.115887
23.451327,7.411096
16.390361,2.961539
21.298904,4.597377
21.311622,5.394653
10.217661,1.292145
7.591421,0.031766
63.450963,1.146479
62.993631,2.863277
6.912906,0.466526
6.638420,0.548506
7.921477,1.755595
56.934916,6.162288
52.328931,2.986432
50.728822,3.957323
47.459756,1.484496
46.656859,7.174036
45.858030,7.054464
35.086876,11.424435
21.392457,2.456066
26.630888,4.010529
27.244893,3.171059
26.397368,7.699988
29.876794,5.387231
37.949290,1.698855
36.196688,4.725443
36.301261,4.197327
34.583275,5.434181
39.769647,5.182393
31.812291,5.094891
19.533178,4.901779
27.137773,4.474542
33.288750,2.261322
26.774648,1.123937
22.893293,2.665895
23.394852,2.457791
24.635649,2.771829
13.493720,0.840653
17.642921,2.102508
34.132585,19.991641
13.316057,2.847826
34.173894,0.085068
30.422395,7.247767
28.161621,8.238173
28.472109,6.207013
26.778220,0.451304
33.402868,1.192514
26.054239,0.791340
22.046227,1.339632
33.894140,1.753642
28.330862,7.020291
33.124302,0.363988
33.726065,1.033359
31.500399,2.968022
30.134361,3.417394
25.388650,0.347887
29.358236,1.456044
19.619478,3.518451
34.996592,0.241976
33.701028,2.501628
28.229733,0.320988
40.255571,0.033506
32.075943,17.298866
12.177549,0.803115
25.144286,8.601567
