25.400068,1.639885
29.422528,3.845904
28.961968,4.164542
30.934162,4.221701
25.364348,3.753945
22.108000,4.499657
31.559624,0.361071
28.121881,3.495293
32.682373,2.925149
37.353503,5.360230
33.399442,6.158638
43.161722,17.282895
51.604472,35.316878
16.733253,1.150467
22.513526,5.946602
22.126888,1.856247
27.852022,7.824237
23.195900,3.994604
29.691508,6.076317
29.840302,7.173273
15.271363,1.845500
12.532927,0.046179
55.522215,0.972471
54.901611,2.425627
12.321426,0.678196
13.067340,0.798765
14.318102,2.552115
49.877297,5.228907
46.219695,2.540868
45.016620,3.372190
42.256223,1.266435
41.944800,6.141005
41.415138,6.048628
31.783262,9.806404
22.558954,2.292121
28.099042,3.744513
27.846364,2.892516
35.331274,9.602359
38.453928,6.347888
47.012301,1.896757
43.449937,5.057628
42.031132,4.295528
39.588961,5.488589
44.354006,5.088702
35.576104,5.016867
22.529054,4.993789
31.474847,4.588462
39.744272,2.403477
32.321356,1.211836
30.377432,3.283002
30.978204,3.017548
35.623694,3.839145
21.587788,1.221858
28.332903,3.056107
31.772425,17.345705
18.736117,3.811806
29.422025,0.071797
26.139560,6.113405
24.239561,6.952418
24.572553,5.242468
23.172043,0.381479
28.857023,1.007508
22.542630,0.668879
19.105135,1.132871
29.466988,1.484450
36.543472,8.298027
33.406421,0.329142
35.816727,0.969872
36.764585,3.066520
33.585657,3.353320
26.002647,0.317772
28.322719,1.284226
20.909288,3.311929
33.050811,0.211275
33.736847,2.251812
32.879232,0.330815
39.220537,0.029702
34.741103,16.513215
18.934617,1.165023
25.495911,7.804954
