26.556150,1.639611
30.769312,3.845557
30.291943,4.164346
32.356061,4.221557
26.531214,3.753860
23.126078,4.499615
33.003017,0.361034
29.404790,3.494819
34.163937,2.924503
39.029369,5.358303
34.902022,6.156650
45.119086,17.279170
53.953367,35.311015
17.398814,1.148175
23.406766,5.934550
23.110298,1.855346
28.748326,7.783572
23.560915,3.900878
30.204943,5.952992
30.342774,7.021401
15.427749,1.776302
12.590023,0.044095
58.074775,0.972440
57.426984,2.425567
12.370114,0.647585
13.114040,0.762715
14.373858,2.436915
52.169959,5.228730
48.341278,2.540734
47.081009,3.371969
44.192567,1.266339
43.862007,6.140330
43.305520,6.047851
33.232576,9.805015
23.466336,2.287910
29.228385,3.737594
29.010698,2.888737
36.087892,9.468865
39.422623,6.284916
48.359357,1.882973
44.810778,5.029018
43.466347,4.277326
40.973984,5.467401
45.986562,5.072936
36.879037,5.000954
23.304828,4.973285
32.545578,4.568749
41.006477,2.390451
33.318680,1.204668
31.053871,3.240733
31.674355,2.979403
36.105221,3.728739
21.704974,1.166862
28.482560,2.918434
33.204903,17.340609
19.042181,3.727226
30.776951,0.071796
27.343478,6.113361
25.355846,6.952358
25.703954,5.242409
24.238723,0.381474
30.185588,1.007495
23.580349,0.668869
19.984483,1.132853
30.822808,1.484420
37.456592,8.214205
34.823494,0.328776
37.243373,0.967959
37.997788,3.052659
34.823358,3.342990
27.087355,0.317347
29.571937,1.283471
21.737965,3.305166
34.529219,0.211190
35.178646,2.249535
33.987292,0.329344
40.937464,0.029682
36.084911,16.473861
19.066593,1.113835
26.571305,7.795679
