28.950272,1.538603
33.714525,3.614670
33.312972,3.918884
35.629639,3.974361
29.254288,3.535516
25.550202,4.240494
36.131839,0.339266
32.117583,3.281611
37.129539,2.741508
42.128887,5.011140
37.737440,5.761198
49.049343,16.199493
58.819945,33.136161
17.902611,1.051300
24.066742,5.431574
24.812258,1.731770
28.183012,6.859361
21.445047,2.957228
27.646799,4.584574
27.726704,5.382093
13.811696,1.292089
11.224214,0.031766
63.967683,0.915576
63.307195,2.284328
11.122086,0.466517
11.915721,0.549474
12.943725,1.755546
57.449528,4.922595
53.134031,2.390570
51.690001,3.171532
48.478134,1.190746
47.992597,5.769028
47.323668,5.679792
36.284941,9.205710
24.227904,2.098782
30.169738,3.428187
30.340669,2.667139
33.575747,7.618397
37.297025,5.249567
46.527670,1.619449
43.721662,4.407684
43.095371,3.812933
40.829231,4.895795
46.352150,4.584049
37.128020,4.515045
23.145519,4.440298
32.243456,4.069842
40.106007,2.101034
32.427516,1.052599
28.997343,2.630592
29.602884,2.423533
32.621810,2.770525
19.306834,0.840653
25.339538,2.102508
35.952228,16.234649
17.368841,2.842442
34.005138,0.067663
30.221307,5.761992
28.016591,6.552199
28.388412,4.939982
26.757548,0.359415
33.332230,0.949323
26.031372,0.630196
22.055291,1.067256
33.995763,1.398199
35.403531,6.848102
36.615423,0.304297
38.338173,0.886501
37.540474,2.712052
35.110410,3.021461
28.305524,0.292888
31.624779,1.196211
22.343635,3.024485
37.205608,0.197382
37.097293,2.084716
33.609090,0.292859
43.620533,0.027625
36.835934,15.013571
16.966837,0.803114
27.878465,7.208281
