32.795121,1.633630
38.149213,3.836334
37.661666,4.157928
40.267175,4.216309
33.050228,3.750304
28.849060,4.497275
40.892324,0.360096
36.368027,3.483748
42.087414,2.911546
47.817535,5.324858
42.819513,6.121040
55.595714,17.203854
66.631145,35.182591
20.469566,1.122270
27.520141,5.798764
28.190014,1.840989
32.394700,7.383033
24.729717,3.251112
31.886677,5.035214
31.977710,5.913032
15.896204,1.422417
12.785041,0.034972
72.288540,0.971290
71.526031,2.423152
12.543472,0.513611
13.280475,0.604938
14.572485,1.932766
64.926730,5.222258
60.078195,2.536506
58.461724,3.365466
54.840077,1.263647
54.322864,6.123513
53.580804,6.029415
41.090232,9.773050
27.689599,2.239563
34.481488,3.658243
34.614532,2.842078
38.720547,8.331434
42.982435,5.709223
53.562749,1.751807
50.276422,4.749649
49.482739,4.093987
46.856891,5.251565
53.129710,4.907497
42.562480,4.834543
26.571488,4.765984
37.025170,4.370496
46.109084,2.262700
37.296979,1.134988
33.436918,2.873477
34.134131,2.646538
37.600069,3.048496
22.080201,0.925512
28.965999,2.314747
40.783073,17.246743
20.030765,3.123857
38.394921,0.071760
34.119232,6.110674
31.632897,6.948893
32.057067,5.239296
30.219621,0.381209
37.641737,1.006859
29.399286,0.668408
24.910881,1.132000
38.404001,1.483104
40.802350,7.450091
41.740537,0.324085
43.832857,0.946297
43.119415,2.914073
40.242904,3.234505
32.296559,0.312125
35.954494,1.272071
25.550839,3.229077
42.243229,0.209769
42.271246,2.219669
38.600359,0.314614
49.622750,0.029386
42.159524,16.043292
19.466089,0.884184
31.790764,7.678633
