30.902665,2.156399
36.809621,5.128378
37.110369,5.612847
40.032639,5.713309
33.193525,5.102792
29.520855,6.162179
39.289390,0.480350
34.558892,4.620250
39.171328,3.814919
43.446327,6.864457
39.123822,7.922679
51.799398,22.556806
62.797471,46.445973
16.596167,1.280753
22.281939,6.604721
25.191530,2.342956
24.283255,7.464677
16.774748,2.961551
21.806119,4.597432
21.816668,5.394700
10.450799,1.292145
7.763953,0.031766
72.008579,1.317215
71.708367,3.294704
7.070117,0.466483
6.793954,0.544680
8.101754,1.755028
64.559432,7.076914
58.999484,3.418973
57.023027,4.522330
53.238640,1.694254
52.045605,8.156595
51.028033,8.005945
38.980745,12.949413
22.594303,2.578894
28.123535,4.209860
28.988010,3.385724
27.066120,7.700971
30.703000,5.390915
39.119273,1.702968
37.433965,4.752015
37.713253,4.249364
35.987004,5.517826
41.554201,5.306626
33.224698,5.211886
20.303966,4.967297
28.186693,4.528180
34.448058,2.275791
27.672467,1.129436
23.483258,2.666409
24.000354,2.458312
25.204541,2.771831
13.800402,0.840653
18.043903,2.102508
37.440792,22.396847
13.630047,2.847843
39.315850,0.098350
35.069205,8.386021
32.406948,9.525315
32.681486,7.169252
30.664006,0.520730
38.306053,1.376843
29.838375,0.913121
25.213468,1.544846
38.659694,2.019786
29.109991,7.024715
35.366906,0.391482
35.566879,1.081153
32.690166,2.999360
31.490083,3.500171
26.998989,0.371019
31.770440,1.603475
20.675038,3.674722
38.165208,0.269282
36.056198,2.701523
29.304085,0.324524
43.421118,0.036712
33.692505,17.928881
12.454397,0.803115
26.807954,9.223917
