24.619822,1.639885
28.518674,3.845904
28.072241,4.164542
29.983842,4.221701
24.585132,3.753945
21.428818,4.499657
30.590125,0.361071
27.258007,3.495293
31.678467,2.925149
36.206241,5.360230
32.373592,6.158638
41.835915,17.282895
50.019271,35.316878
16.220307,1.150467
21.823424,5.946602
21.447368,1.856247
27.002475,7.824237
22.505718,3.994604
28.804661,6.076317
28.949958,7.173273
14.825877,1.845500
12.193450,0.046179
53.816528,0.972471
53.214985,2.425627
12.012021,0.678196
12.770258,0.798765
13.963555,2.552115
48.345029,5.228907
44.799804,2.540868
43.633698,3.372190
40.958109,1.266435
40.656279,6.141005
40.142904,6.048628
30.806918,9.806404
21.867277,2.292121
27.237514,3.744513
26.991975,2.892516
34.267405,9.602359
37.289563,6.347888
45.583045,1.896757
42.125599,5.057628
40.747113,4.295528
38.378822,5.488589
42.996591,5.088702
34.487453,5.016867
21.840664,4.993789
30.513405,4.588462
38.532419,2.403477
31.336621,1.211836
29.461460,3.283002
30.043818,3.017548
34.570629,3.839145
20.986003,1.221858
27.545673,3.056107
30.796525,17.345705
18.177775,3.811806
28.518148,0.071797
25.336523,6.113405
23.494895,6.952418
23.817658,5.242468
22.460174,0.381479
27.970505,1.007508
21.850098,0.668879
18.518206,1.132871
28.561734,1.484450
35.437249,8.298027
32.381193,0.329142
34.718761,0.969872
35.641964,3.066520
32.557769,3.353320
25.204859,0.317772
27.453009,1.284226
20.268374,3.311929
32.035736,0.211275
32.701356,2.251812
31.875131,0.330815
38.016308,0.029702
33.676737,16.513215
18.394880,1.165023
24.713525,7.804954
