27.485390,1.745694
32.234763,4.110276
32.034458,4.463774
34.340552,4.529919
28.266034,4.032540
24.790843,4.842193
34.503887,0.385640
30.570724,3.726375
35.113865,3.106476
39.525431,5.662086
35.472799,6.514179
46.402546,18.358226
55.846762,37.596860
16.061491,1.159663
21.578402,5.988628
23.144394,1.952297
24.314285,7.269620
17.231445,2.961339
22.378081,4.596624
22.395736,5.393962
10.756184,1.292144
7.993994,0.031766
61.683527,1.043704
61.142565,2.605151
7.279495,0.466519
6.989739,0.549292
8.341541,1.755562
55.373332,5.610769
51.049374,2.722260
49.571034,3.609642
46.430291,1.354710
45.792418,6.555910
45.074278,6.450937
34.519906,10.451700
21.798211,2.319992
27.138705,3.788963
27.602496,2.969874
27.673030,7.691999
31.229732,5.367387
39.528421,1.683258
37.575368,4.648715
37.518116,4.085733
35.688655,5.270300
40.890138,4.982807
32.721621,4.903117
20.177731,4.765557
28.053658,4.357933
34.535136,2.221398
27.812169,1.107282
23.985716,2.662106
24.507645,2.454033
25.917582,2.771789
14.209231,0.840653
18.578470,2.102508
33.848603,18.367121
13.996252,2.847551
32.999222,0.077267
29.350050,6.581214
27.190506,7.482403
27.522814,5.639716
25.914945,0.410209
32.303264,1.083676
25.212912,0.719269
21.348630,1.217897
32.865256,1.595000
29.619129,6.995945
33.470648,0.339771
34.407720,0.978142
32.589669,2.896349
30.980346,3.285053
25.732097,0.325988
29.379216,1.346244
20.028040,3.333981
34.838474,0.222857
34.001790,2.331117
29.198228,0.313036
40.376546,0.031040
32.831344,16.474276
12.822818,0.803115
25.434700,8.039824
