33.671578,1.996454
39.768616,4.722869
39.781802,5.147849
42.768285,5.231609
35.320788,4.664441
31.173988,5.615953
42.513237,0.442764
37.543216,4.269115
42.866490,3.542940
47.940647,6.418538
43.088298,7.395606
56.664562,20.942786
68.419848,42.999105
19.036714,1.251446
25.570927,6.457050
27.954774,2.202434
28.689584,7.444229
20.964770,2.961549
27.079715,4.597423
27.141792,5.394692
13.446502,1.292145
10.936706,0.031766
76.870811,1.205745
76.357751,3.012574
10.860250,0.466531
11.666161,0.547574
12.643716,1.755575
68.966632,6.480055
63.327300,3.137692
61.361773,4.155674
57.389613,1.558343
56.373943,7.522945
55.390819,7.393790
42.372230,11.969882
25.858981,2.513456
32.192255,4.103796
32.881489,3.264212
33.111245,7.700750
37.097374,5.389889
46.749444,1.701620
44.352727,4.742238
44.257766,4.227800
42.105518,5.481928
48.285499,5.249083
38.634582,5.158109
23.803111,4.939818
33.092895,4.506072
40.756050,2.270366
32.836725,1.127451
28.645648,2.666287
29.256470,2.458187
31.822204,2.771831
18.796661,0.840653
24.672200,2.102508
41.167430,20.878074
16.991766,2.847840
41.505556,0.089622
36.963380,7.637462
34.205041,8.679427
34.565413,6.537550
32.494411,0.475200
40.544352,1.255880
31.616562,0.833252
26.746015,1.410343
41.099439,1.845569
35.195553,7.023497
39.958087,0.375575
40.785752,1.056082
38.443835,2.986697
36.584646,3.461757
30.643802,0.357972
35.389785,1.513207
23.731846,3.593401
42.194489,0.252231
40.645043,2.584578
34.442957,0.323086
48.527662,0.034770
38.844703,17.613464
16.510445,0.803115
30.337199,8.866918
