34.489686,2.156399
40.970931,5.128378
41.212423,5.612847
44.416781,5.713309
36.790901,5.102792
32.660643,6.162179
43.751709,0.480350
38.532331,4.620250
43.783492,3.814919
48.711505,6.864457
43.832805,7.922679
57.890777,22.556806
70.085180,46.445973
18.961645,1.280753
25.465140,6.604721
28.308570,2.342956
28.315458,7.464677
20.597258,2.961551
26.605735,4.597432
26.666365,5.394700
13.214601,1.292145
10.764174,0.031766
79.878558,1.317215
79.493958,3.294704
10.703228,0.466483
11.519046,0.544680
12.463897,1.755028
71.628372,7.076914
65.544312,3.418973
63.394505,4.522330
59.217502,1.694254
57.975223,8.156595
56.880534,8.005945
43.471045,12.949413
25.780750,2.578894
32.092731,4.209860
32.912617,3.385724
32.543585,7.700971
36.491046,5.390915
46.044844,1.702968
43.748647,4.752015
43.750204,4.249364
41.656105,5.517826
47.869045,5.306626
38.292511,5.211886
23.536404,4.967297
32.709601,4.528180
40.212671,2.275791
32.380048,1.129436
28.158441,2.666409
28.759934,2.458312
31.265858,2.771831
18.489987,0.840653
24.271225,2.102508
41.921377,22.396847
16.693972,2.847843
43.494587,0.098350
38.782761,8.386021
35.849751,9.525315
36.170342,7.169252
33.952893,0.520730
42.402690,1.376843
33.037979,0.913121
27.924628,1.544846
42.839635,2.019786
34.618296,7.024715
40.072628,0.391482
40.629529,1.081153
37.982841,2.999360
36.271183,3.500171
30.664124,0.371019
35.759180,1.603475
23.631665,3.674722
42.822845,0.269282
40.807526,2.701523
34.034522,0.324524
48.943827,0.036712
38.614848,17.928881
16.233705,0.803115
30.400054,9.223917
