30.712627,1.875493
36.118567,4.425017
35.988314,4.813314
38.623716,4.887707
31.834500,4.354013
27.991735,5.234306
38.641422,0.415025
34.192540,4.006517
39.184716,3.333434
44.003874,6.059652
39.512616,6.976167
51.787957,19.701610
62.405333,40.393002
17.782335,1.213794
23.890567,6.265566
25.729917,2.084961
27.069581,7.393346
19.961105,2.961530
25.769466,4.597336
25.832663,5.394616
12.826311,1.292145
10.476619,0.031766
69.394988,1.126291
68.845137,2.812504
10.441273,0.466524
11.262695,0.548734
12.163591,1.755590
62.281210,6.053996
57.325406,2.934708
55.617577,3.889361
52.063233,1.459157
51.266384,7.053785
50.427166,6.937260
38.602217,11.235758
24.133341,2.432844
30.045916,3.972751
30.572236,3.135218
31.458045,7.699402
35.179144,5.385444
44.235523,1.697191
41.880356,4.716186
41.677014,4.182066
39.613085,5.410968
45.322729,5.152010
36.273079,5.065897
22.408061,4.882922
31.167462,4.458682
38.469405,2.256407
31.018447,1.121969
27.204922,2.665603
27.782372,2.457497
30.320880,2.771828
17.978851,0.840653
23.602923,2.102508
37.720633,19.680324
16.175016,2.847812
37.263454,0.083527
33.159938,7.116005
30.706124,8.088869
31.060516,6.095048
29.227199,0.443201
36.446452,1.171041
28.436318,0.777128
24.068976,1.315640
37.025849,1.722411
33.379442,7.018117
37.087045,0.359609
38.094022,1.024044
36.225085,2.958471
34.337715,3.397212
28.499145,0.343995
32.632793,1.435434
22.174193,3.487518
38.766218,0.238340
37.686544,2.470569
32.449830,0.319921
44.817203,0.033047
36.357189,17.164726
15.772307,0.803115
28.177648,8.500585
