28.720957,1.639969
33.266803,3.846007
32.744716,4.164597
34.974087,4.221740
28.676577,3.753968
24.994706,4.499667
35.683521,0.361082
31.797640,3.495438
36.957411,2.925353
42.245666,5.360866
37.772288,6.159289
48.807260,17.284073
58.351368,35.318692
18.956905,1.151329
25.506171,5.951139
25.028180,1.856552
31.634342,7.840293
26.462441,4.033370
33.863906,6.126855
34.036414,7.235657
17.425568,1.876265
14.213578,0.047186
62.773138,0.972479
62.071090,2.425642
13.855767,0.692996
14.540623,0.816197
16.076342,2.607804
56.391137,5.228955
52.256765,2.540906
50.897165,3.372253
47.776638,1.266463
47.426105,6.141206
46.828090,6.048863
35.937802,9.806828
25.552876,2.293696
31.828557,3.747101
31.525011,2.893896
40.259085,9.656335
43.771877,6.373172
53.457492,1.902255
49.364431,5.068957
47.707734,4.302658
44.923043,5.496856
50.299016,5.094787
40.347084,5.023016
25.569287,5.001810
35.727280,4.596189
45.147853,2.408627
36.726554,1.214679
34.606653,3.300063
35.289151,3.032938
40.650649,3.885757
24.556085,1.248363
32.218332,3.122514
35.931162,17.347359
21.372604,3.846651
33.263736,0.071797
29.552629,6.113416
27.404579,6.952433
27.781110,5.242483
26.197796,0.381480
32.625055,1.007511
25.486192,0.668881
21.599873,1.132876
33.314901,1.484458
41.599684,8.331695
37.811873,0.329274
40.575560,0.970591
41.738338,3.071963
38.086746,3.357305
29.438697,0.317928
32.039898,1.284485
23.689040,3.314477
37.381032,0.211303
38.181822,2.252628
37.325380,0.331392
44.372759,0.029710
39.372481,16.528180
21.579572,1.189273
28.860493,7.808319
