25.176855,1.622599
29.422384,3.817311
29.155413,4.142978
31.218587,4.203332
25.664405,3.740816
22.461791,4.489889
31.512864,0.358202
27.966631,3.462558
32.228595,2.888810
36.427678,5.270893
32.660244,6.062534
42.582180,17.071153
51.154671,34.945529
15.179351,1.089181
20.400919,5.625621
21.395712,1.818933
23.584336,6.923577
17.788677,2.859084
22.929733,4.437240
22.996398,5.207209
11.490165,1.247685
9.487530,0.030673
56.062032,0.968407
55.526764,2.416797
9.540590,0.450467
10.397298,0.530503
11.131496,1.695158
50.338173,5.206233
46.482077,2.526865
45.177458,3.351229
42.342746,1.257909
41.840242,6.090049
41.220924,5.993763
31.587504,9.712326
20.565540,2.177297
25.607138,3.556108
25.871942,2.779680
27.866263,7.417322
31.011765,5.162668
38.790030,1.612416
36.550220,4.434162
36.157827,3.877198
34.299351,4.993443
39.057709,4.705002
31.274885,4.631329
19.427674,4.519887
27.047914,4.136494
33.544731,2.117249
27.094519,1.057015
24.074072,2.565984
24.578889,2.365161
27.077693,2.676334
16.220628,0.811728
21.304107,2.030169
31.139061,17.090034
14.406248,2.749096
29.896853,0.071644
26.580373,6.101785
24.633010,6.937826
24.947065,5.229830
23.501826,0.380438
29.285877,1.004958
22.864584,0.667063
19.366226,1.129575
29.832169,1.479527
29.433608,6.730369
31.286523,0.317687
32.510895,0.918601
31.470482,2.751615
29.587476,3.101646
24.129050,0.305161
27.218552,1.255070
18.938283,3.132126
32.140846,0.207517
31.735167,2.178433
28.180901,0.297306
37.480461,0.028955
31.154226,15.502855
14.184830,0.775482
23.801204,7.520306
