30.598240,2.156399
36.335646,5.128378
36.539266,5.612847
39.375633,5.713309
32.610975,5.102792
28.943202,6.162179
38.804156,0.480350
34.180471,4.620250
38.850806,3.814919
43.240486,6.864457
38.906101,7.922679
51.367890,22.556806
62.177351,46.445973
16.871757,1.280753
22.659266,6.604721
25.136303,2.342956
25.257566,7.464677
18.484883,2.961551
23.859780,4.597432
23.919081,5.394700
11.898575,1.292145
9.786491,0.031766
70.810811,1.317215
70.464015,3.294704
9.812917,0.466483
10.663511,0.544680
11.443676,1.755028
63.498665,7.076914
58.114747,3.418973
56.213828,4.522330
52.513377,1.694254
51.421332,8.156595
50.454782,8.005945
38.562359,12.949413
22.935541,2.578894
28.551248,4.209860
29.262275,3.385724
29.135259,7.700971
32.624743,5.390915
41.118713,1.702968
39.034740,4.752015
39.001128,4.249364
37.124408,5.517826
42.636294,5.306626
34.108660,5.211886
20.979608,4.967297
29.160165,4.528180
35.874767,2.275791
28.895367,1.129436
25.201290,2.666409
25.737667,2.458312
28.091953,2.771831
16.752159,0.840653
21.999030,2.102508
37.206610,22.396847
14.977596,2.847843
38.543702,0.098350
34.366639,8.386021
31.768876,9.525315
32.054896,7.169252
30.091499,0.520730
37.578965,1.376843
29.280554,0.913121
24.749599,1.544846
37.971377,2.019786
30.952594,7.024715
35.619017,0.391482
36.150737,1.081153
33.866302,2.999360
32.305765,3.500171
27.264251,0.371019
31.758458,1.603475
21.028141,3.674722
38.016855,0.269282
36.267115,2.701523
30.344378,0.324524
43.475983,0.036712
34.372089,17.928881
14.665374,0.803115
27.024237,9.223917
