28.082355,1.712097
32.852454,4.029405
32.583061,4.374460
34.901228,4.438695
28.703127,3.950769
25.138320,4.742862
35.180155,0.378080
31.205972,3.654063
35.927310,3.047469
40.561449,5.557654
36.376434,6.393141
47.471517,18.009094
57.058576,36.873147
16.798793,1.143691
22.575615,5.906685
23.804026,1.917144
25.971749,7.221891
19.433028,2.961188
25.068566,4.596104
25.135892,5.393472
12.512712,1.292144
10.246574,0.031766
62.680108,1.022657
62.097059,2.552386
10.231789,0.466518
11.061016,0.549360
11.923538,1.755557
56.276593,5.497765
51.939572,2.667930
50.467530,3.537983
47.291459,1.327919
46.703564,6.427720
46.000041,6.325492
35.243588,10.249206
22.768124,2.287092
28.348930,3.735338
28.685150,2.923535
30.525025,7.687537
34.030878,5.358072
42.638123,1.677033
40.231427,4.621744
39.862371,4.051384
37.832421,5.221727
43.130782,4.928087
34.532145,4.850140
21.421773,4.724174
29.816872,4.321830
36.931930,2.207656
29.816058,1.101297
26.381512,2.660070
26.937285,2.452030
29.546347,2.771753
17.569858,0.840653
23.068202,2.102508
34.690139,18.023794
15.742646,2.847350
33.460124,0.075681
29.752159,6.445867
27.569354,7.328809
27.916114,5.524277
26.294476,0.401836
32.769225,1.061519
25.581721,0.704586
21.665470,1.193077
33.367265,1.562607
32.295958,6.984412
34.710893,0.334287
35.981073,0.964618
34.682648,2.873668
32.673933,3.248836
26.750102,0.320930
30.264953,1.322448
20.956324,3.288495
35.778186,0.218779
35.221426,2.292835
31.060119,0.310537
41.654328,0.030501
34.448508,16.264025
15.402627,0.803115
26.399360,7.911771
