29.112482,1.639992
33.719550,3.846034
33.189969,4.164611
35.449538,4.221750
29.066337,3.753973
25.334346,4.499669
36.169274,0.361085
32.230812,3.495477
37.461831,2.925409
42.824149,5.361043
38.289062,6.159468
49.473337,17.284395
59.146804,35.319182
19.227200,1.151582
25.870148,5.952476
25.371951,1.856638
32.115333,7.845129
26.920851,4.045265
34.444053,6.142315
34.621432,7.254755
17.737958,1.885966
14.466194,0.047517
63.626462,0.972481
62.914759,2.425646
14.087038,0.697858
14.762705,0.821923
16.341372,2.626101
57.157737,5.228968
52.967415,2.540915
51.589503,3.372270
48.426662,1.266470
48.071819,6.141260
47.465916,6.048926
36.427437,9.806942
25.915862,2.294158
32.280808,3.747862
31.967021,2.894298
40.927657,9.672770
44.477249,6.380849
54.294748,1.903919
50.120484,5.072375
48.421126,4.304797
45.590025,5.499331
51.034349,5.096601
40.937846,5.024849
25.950701,5.004215
36.262104,4.598508
45.836771,2.410180
37.291249,1.215537
35.177530,3.305254
35.870348,3.037621
41.365470,3.900160
24.999668,1.257056
32.799534,3.144301
36.422411,17.347815
21.741281,3.857329
33.715736,0.071797
29.954191,6.113418
27.776961,6.952436
28.158625,5.242486
26.553813,0.381481
33.068401,1.007512
25.832538,0.668882
21.893415,1.132877
33.767686,1.484460
42.271160,8.341920
38.339445,0.329312
41.153825,0.970802
42.365673,3.073599
38.643334,3.358493
29.851782,0.317973
32.481089,1.284559
24.027209,3.315227
37.893395,0.211310
38.713209,2.252863
37.885636,0.331565
44.985312,0.029712
39.939037,16.532608
21.970922,1.197150
29.263948,7.809293
