28.897779,1.811571
33.969249,4.269510
33.826293,4.640194
36.292015,4.710336
29.900805,4.194483
26.269588,5.039378
36.345553,0.400514
32.167986,3.868385
36.873761,3.221885
41.409032,5.865156
37.183606,6.749886
48.733344,19.041223
58.717584,39.015938
16.644089,1.188746
22.358258,6.137593
24.208149,2.020318
25.021210,7.343537
17.618436,2.961482
22.887665,4.597146
22.903552,5.394445
10.990255,1.292145
8.166528,0.031766
65.200858,1.085341
64.668017,2.709623
7.436607,0.466521
7.140796,0.549077
8.521577,1.755575
58.520949,5.834265
53.887467,2.829525
52.292875,3.750979
48.957454,1.407514
48.223360,6.808019
47.439507,6.697390
36.317580,10.849246
22.602397,2.380311
28.138712,3.887232
28.690986,3.056755
28.333760,7.697125
32.019025,5.379285
40.592958,1.692020
38.646343,4.689543
38.663239,4.141618
36.802418,5.350898
42.234219,5.077255
33.791323,4.994213
20.798243,4.833353
28.907084,4.416491
35.529373,2.242446
28.596697,1.116230
24.565161,2.664501
25.101424,2.456397
26.490450,2.771819
14.515949,0.840653
18.979486,2.102508
35.497558,19.036504
14.312184,2.847745
34.969731,0.080415
31.113095,6.850042
28.815376,7.787350
29.154704,5.868771
27.439767,0.426813
34.213014,1.127632
26.696980,0.748387
22.599537,1.267099
34.773492,1.659169
30.365177,7.010600
34.829368,0.350133
35.658439,1.002787
33.569155,2.932714
32.000054,3.347622
26.742331,0.335459
30.695905,1.392112
20.750707,3.416611
36.478587,0.230775
35.404680,2.403735
30.079287,0.317057
42.146072,0.032075
33.976931,16.850213
13.099890,0.803115
26.455120,8.281052
