33.265671,1.637917
38.595090,3.843143
38.029038,4.162809
40.631819,4.220355
33.326045,3.753091
29.059153,4.499171
41.388215,0.360785
36.853375,3.491763
42.758194,2.920701
48.746270,5.347902
43.614455,6.145713
56.473793,17.257134
67.585707,35.274649
21.344493,1.138713
28.706007,5.884895
28.813700,1.850727
34.498909,7.630139
27.107758,3.598074
34.885225,5.539902
35.005284,6.517535
17.512161,1.592320
14.046181,0.039200
72.932728,0.972180
72.131355,2.425039
13.692700,0.575704
14.383913,0.678060
15.889382,2.166422
65.513869,5.227249
60.681259,2.539705
59.083807,3.370339
55.447927,1.265651
54.998070,6.135815
54.282320,6.042799
41.646607,9.796145
28.828758,2.270347
35.903968,3.708756
35.825822,2.872218
42.108893,8.994858
46.442601,6.055450
57.485927,1.831919
53.648475,4.921617
52.445688,4.207679
49.555621,5.385728
55.911084,5.010959
44.813961,4.938541
28.141943,4.894638
39.254825,4.493393
49.152351,2.341428
39.839981,1.177827
36.312757,3.089540
37.057417,2.842740
41.315162,3.395572
24.313863,1.037401
31.888701,2.594590
41.511419,17.312098
21.941053,3.449833
38.673268,0.071790
34.360651,6.112870
31.861509,6.951706
32.296518,5.241800
30.452995,0.381420
37.926463,1.007369
29.625952,0.668776
25.106852,1.132677
38.718801,1.484139
44.103422,7.909079
43.093331,0.327138
45.697564,0.960052
45.770217,2.999873
42.344254,3.302361
33.439690,0.315495
36.820817,1.279728
26.655750,3.277327
43.101434,0.210743
43.581150,2.239193
40.957364,0.323737
50.907859,0.029583
44.118684,16.314819
21.460369,0.991024
32.854230,7.754567
