23.989074,1.996454
28.394221,4.722869
28.453311,5.147849
30.610612,5.231609
25.299439,4.664441
22.358389,5.615953
30.342551,0.442764
26.768594,4.269115
30.502829,3.542940
34.026636,6.418538
30.601463,7.395606
40.325590,20.942786
48.746069,42.999105
13.290351,1.251446
17.847522,6.457050
19.803433,2.202434
19.655383,7.444229
13.664150,2.961549
17.759559,4.597423
17.769115,5.394692
8.515198,1.292145
6.326184,0.031766
55.027088,1.205745
54.686092,3.012574
5.760764,0.466531
5.532758,0.547574
6.601255,1.755575
49.362231,6.480055
45.281623,3.137692
43.851766,4.155674
40.996851,1.558343
40.225059,7.522945
39.502110,7.393790
30.207010,11.969882
18.074741,2.513456
22.499655,4.103796
23.085445,3.264212
22.027120,7.700750
24.957146,5.389889
31.744611,1.701620
30.321488,4.742238
30.467762,4.227800
29.045530,5.481928
33.457776,5.249083
26.758392,5.158109
16.397971,4.939818
22.774572,4.506072
27.892999,2.270366
22.422689,1.127451
19.107091,2.666287
19.526718,2.458187
20.534061,2.771831
11.244771,0.840653
14.702438,2.102508
29.252232,20.878074
11.101932,2.847840
29.769678,0.089622
26.518385,7.637462
24.534185,8.679427
24.784537,6.537550
23.292037,0.475200
29.068064,1.255880
22.663151,0.833252
19.168189,1.410343
29.443492,1.845569
23.664148,7.023497
28.104876,0.375575
28.478573,1.056082
26.426360,2.986697
25.352868,3.461757
21.508291,0.357972
25.035985,1.513207
16.562018,3.593401
29.929146,0.252231
28.616459,2.584578
23.685285,0.323086
34.287230,0.034770
27.042538,17.613464
10.148008,0.803115
21.322335,8.866918
