36.322173,2.131817
43.114598,5.064801
43.335274,5.538930
46.688032,5.636352
38.655507,5.032394
34.285955,6.073710
46.047553,0.474476
40.568984,4.565867
46.126557,3.773649
51.351211,6.798855
46.201581,7.844514
60.986917,22.311604
73.808502,45.916132
20.028230,1.277665
26.897879,6.589259
29.854386,2.322837
29.914014,7.463308
21.715113,2.961551
28.058498,4.597432
28.119955,5.394700
13.911298,1.292145
11.281770,0.031766
83.956332,1.299388
83.529289,3.249434
11.174542,0.466502
11.971061,0.545242
13.003951,1.755200
75.290565,6.981551
68.929473,3.374350
66.685638,4.464412
62.302456,1.672853
61.023247,8.057785
59.882756,7.910956
45.771172,12.797929
27.229219,2.571793
33.895990,4.198376
34.750940,3.371080
34.344528,7.700964
38.529531,5.390871
48.633562,1.702895
46.216597,4.751391
46.222750,4.247749
44.010589,5.515000
50.573178,5.301587
40.455910,5.207228
24.866653,4.965202
34.558118,4.526536
42.482082,2.275436
34.205794,1.129313
29.720377,2.666405
30.356100,2.458308
32.945858,2.771831
19.410014,0.840653
25.474152,2.102508
44.181384,22.170166
17.602185,2.847843
45.657476,0.096936
40.703556,8.264558
37.631586,9.388245
37.977278,7.067102
35.657043,0.513383
44.524830,1.357298
34.695839,0.900231
29.329657,1.523165
45.006205,1.991776
36.551307,7.024663
42.303624,0.389486
42.914606,1.078501
40.128981,2.998442
38.320088,3.496799
32.377645,0.369457
37.721111,1.590829
24.961381,3.666231
45.149694,0.266795
43.074872,2.686540
35.957698,0.324419
51.639446,0.036446
40.791668,17.897892
17.063997,0.803115
32.094861,9.179837
