24.151742,1.538603
28.122173,3.614670
27.784382,3.918884
29.715507,3.974361
24.397515,3.535516
21.307248,4.240494
30.139235,0.339266
26.792558,3.281611
30.978127,2.741508
35.156600,5.011140
31.490266,5.761198
40.922781,16.199493
49.070432,33.136161
14.966349,1.051300
20.120131,5.431574
20.709417,1.731770
23.621009,6.859361
18.117523,2.957228
23.332666,4.584574
23.406964,5.382093
11.725701,1.292089
9.671432,0.031766
53.349352,0.915576
52.797299,2.284328
9.708084,0.466517
10.558042,0.549474
11.323426,1.755546
47.913502,4.922595
44.316611,2.390570
43.113580,3.171532
40.435578,1.190746
40.033503,5.769028
39.476952,5.679792
30.269306,9.205710
20.251249,2.098782
25.218076,3.428187
25.347396,2.667139
28.269727,7.618397
31.346449,5.249567
39.047944,1.619449
36.655861,4.407684
36.094538,3.812933
34.186724,4.895795
38.787441,4.584049
31.070585,4.515045
19.383617,4.440298
27.006705,4.069842
33.619151,2.101034
27.191594,1.052599
24.404322,2.630592
24.911431,2.423533
27.606712,2.770525
16.546933,0.840653
21.730937,2.102508
29.999294,16.234649
14.667739,2.842442
28.358083,0.067663
25.202397,5.761992
23.363996,6.552199
23.674354,4.939982
22.314585,0.359415
27.797354,0.949323
21.708973,0.630196
18.393248,1.067256
28.351602,1.398199
29.757746,6.848102
30.583233,0.304297
32.049614,0.886501
31.448608,2.712052
29.379928,3.021461
23.647952,0.292888
26.398896,1.196211
18.679855,3.024485
31.049856,0.197382
30.982347,2.084716
28.153643,0.292859
36.416884,0.027625
30.805341,15.013571
14.476878,0.803114
23.287538,7.208281
