22.326418,1.502982
25.975115,3.530009
25.646562,3.826311
27.422372,3.880181
22.508950,3.451460
19.649813,4.139156
27.842113,0.331335
24.760015,3.205303
28.650541,2.678477
32.547767,4.897709
29.146412,5.630280
37.846378,15.826806
45.361515,32.368921
13.939486,1.030655
18.741251,5.325228
19.187048,1.693062
22.117967,6.761602
17.107772,2.954788
22.016010,4.578084
22.090857,5.375521
11.102812,1.292038
9.211326,0.031766
49.229857,0.893865
48.712482,2.230048
9.289120,0.466517
10.155760,0.549474
10.843337,1.755546
44.215836,4.805938
40.910731,2.334171
39.808264,3.096908
37.341064,1.162783
36.985836,5.634345
36.479270,5.547574
27.974699,8.991830
18.854390,2.057015
23.479274,3.360027
23.563080,2.611637
26.622113,7.587557
29.464403,5.209965
36.636798,1.601627
34.340851,4.348174
33.756755,3.752492
31.955083,4.815081
36.210062,4.502578
29.009785,4.435361
18.124816,4.368931
25.259585,4.005732
31.487823,2.071857
25.481138,1.038825
22.972474,2.618040
23.447488,2.411532
26.095964,2.769648
15.728832,0.840653
20.661356,2.102508
27.760804,15.864557
13.846314,2.839520
26.151831,0.066046
23.239993,5.624148
21.546085,6.395572
21.834429,4.822038
20.582388,0.350844
25.637957,0.926668
20.023688,0.615168
16.966395,1.041824
26.155511,1.364933
27.973981,6.797828
28.411785,0.297860
29.849176,0.869062
29.422960,2.670347
27.426787,2.967671
21.985480,0.286809
24.471372,1.169729
17.400329,2.965346
28.752972,0.192933
28.772116,2.040243
26.337621,0.288319
33.774147,0.027019
28.717724,14.728639
13.737698,0.803114
21.639814,7.056787
