35.190308,1.634893
40.907685,3.838399
40.364068,4.159456
43.148215,4.217596
35.407808,3.751208
30.897324,4.497916
43.854147,0.360304
39.014328,3.486132
45.178969,2.914207
51.372721,5.331407
45.993827,6.128087
59.677433,17.219356
71.497148,35.209707
22.100298,1.126664
29.714561,5.821771
30.304801,1.843721
35.113389,7.447698
26.900351,3.328455
34.683563,5.150347
34.783419,6.049985
17.281265,1.458294
13.825667,0.035858
77.457523,0.971574
76.630787,2.423762
13.491171,0.526616
14.190417,0.620254
15.658449,1.981703
69.571871,5.223845
64.394054,2.537502
62.671622,3.366967
58.796098,1.264260
58.262012,6.127209
57.475894,6.033406
44.082314,9.779904
29.886213,2.247806
37.217725,3.671767
37.314593,2.850227
42.096965,8.492244
46.694113,5.796647
58.131246,1.772500
54.514043,4.794537
53.590811,4.123889
50.727253,5.286921
57.465200,4.934881
46.040182,4.862056
28.773690,4.799844
40.101314,4.402810
49.987056,2.283278
40.447590,1.146153
36.347194,2.926416
37.103678,2.694730
40.897706,3.123701
23.928791,0.948947
31.383347,2.373360
43.799088,17.265488
21.788677,3.197157
41.120526,0.071770
36.539378,6.111426
33.878243,6.949848
34.335025,5.240136
32.369438,0.381279
40.317673,1.007030
31.490627,0.668530
26.684164,1.132224
41.141731,1.483441
44.327976,7.565788
44.972435,0.324915
47.323009,0.949974
46.711670,2.936607
43.525757,3.252467
34.818664,0.313035
38.668947,1.274202
27.589042,3.241963
45.393414,0.210045
45.530653,2.224992
41.813256,0.317011
53.390446,0.029441
45.550563,16.115551
21.130709,0.906570
34.259690,7.699226
