33.594780,1.639916
38.914281,3.845943
38.304739,4.164563
40.913008,4.221716
33.546370,3.753954
29.239493,4.499661
41.740922,0.361075
37.194448,3.495347
43.227081,2.925224
49.406818,5.360462
44.176506,6.158875
57.087442,17.283327
68.253383,35.317546
22.137528,1.150772
29.784696,5.948208
29.267601,1.856358
36.843304,7.829862
30.578027,4.008063
39.167275,6.093892
39.356309,7.194958
20.054242,1.856035
16.192744,0.046517
73.432712,0.972474
72.611784,2.425633
15.657995,0.683166
16.271041,0.804619
18.141496,2.570808
65.966879,5.228926
61.129678,2.540882
59.538692,3.372214
55.887946,1.266445
55.476518,6.141079
54.776226,6.048715
42.037107,9.806561
29.844425,2.292679
37.173728,3.745430
36.837569,2.893008
46.667716,9.621173
50.831126,6.356713
62.172114,1.898679
57.473652,5.061595
55.604438,4.298030
52.374811,5.491493
58.680294,5.090845
47.067088,5.019031
29.804724,4.996605
41.638989,4.591173
52.573390,2.405281
42.751919,1.212831
40.132503,3.288951
40.928071,3.022915
46.904117,3.855270
28.071331,1.230764
36.815325,3.078416
42.024232,17.346309
24.705690,3.823913
38.912838,0.071797
34.571517,6.113409
32.058639,6.952424
32.499066,5.242474
30.646809,0.381480
38.165613,1.007509
29.814361,0.668880
25.268020,1.132873
38.972417,1.484454
48.304146,8.309778
44.191805,0.329189
47.384262,0.970126
48.636110,3.068429
44.433791,3.354723
34.398667,0.317828
37.463663,1.284320
27.662363,3.312831
43.716090,0.211285
44.628283,2.252104
43.496409,0.331017
51.879617,0.029705
45.962138,16.518501
24.743015,1.173209
33.727698,7.806155
