30.258820,1.636338
35.142318,3.840711
34.651814,4.161124
37.032843,4.218982
30.381867,3.752166
26.501645,4.498573
37.679304,0.360537
33.535223,3.488840
38.869195,2.917283
44.251433,5.339107
39.606377,6.136342
51.340211,17.237266
61.477229,35.240745
19.191513,1.132060
25.806751,5.850034
26.128404,1.846964
30.735785,7.528345
23.869209,3.437202
30.737407,5.309840
30.836972,6.240574
15.405136,1.510310
12.440108,0.037146
66.476133,0.971879
65.756204,2.424410
12.229579,0.545542
12.979077,0.642540
14.212796,2.052924
59.711226,5.225556
55.286625,2.538594
53.819189,3.368627
50.498933,1.264941
50.063780,6.131376
49.399721,6.037931
37.894046,9.787705
25.938124,2.257915
32.302390,3.688354
32.315931,2.860155
37.185876,8.705634
41.121151,5.908988
51.044425,1.798591
47.755451,4.850636
46.822124,4.161030
44.283543,5.330768
50.071283,4.968734
40.124131,4.896080
25.132394,4.841878
35.040753,4.442955
43.772197,2.308966
35.447779,1.160124
32.085038,2.996090
32.747453,2.758035
36.354515,3.231248
21.464693,0.983051
28.161907,2.458657
37.707195,17.287377
19.324297,3.299653
35.270007,0.071780
31.338717,6.112187
29.057905,6.950822
29.452228,5.241001
27.768659,0.381352
34.585241,1.007206
27.014634,0.668657
22.892622,1.132457
35.300042,1.483798
39.043946,7.714667
38.913015,0.325922
41.091576,0.954488
40.835657,2.964627
37.923586,3.274670
30.158559,0.314145
33.362621,1.276746
23.962045,3.257795
39.113090,0.210370
39.376612,2.231440
36.547891,0.319991
46.092726,0.029506
39.607110,16.204542
18.903717,0.939143
29.654387,7.724261
