27.037498,1.630084
31.503200,3.830370
31.140894,4.153376
33.311907,4.212417
27.356030,3.747514
23.899097,4.495201
33.758965,0.359499
30.001186,3.476991
34.666441,2.904158
39.311184,5.307022
35.218341,6.101772
45.796667,17.160771
54.933876,35.106387
16.654909,1.110875
22.388620,5.739118
23.143015,1.833631
26.169210,7.219163
19.908840,3.085499
25.660727,4.784908
25.736355,5.616696
12.841282,1.347621
10.499432,0.033130
59.808603,0.970429
59.197557,2.421277
10.462070,0.486559
11.282003,0.573074
12.187416,1.830970
53.712557,5.217453
49.666419,2.533555
48.310261,3.361065
45.304134,1.261862
44.838092,6.112935
44.207405,6.018072
33.892677,9.753653
22.543220,2.218152
28.071547,3.623119
28.250691,2.820757
31.154508,7.963226
34.608198,5.499230
43.183577,1.700450
40.592252,4.636363
40.030099,4.017647
37.931775,5.161069
43.081631,4.837060
34.506679,4.763806
21.500486,4.679460
29.949297,4.288034
37.237802,2.210656
30.104547,1.106878
26.905791,2.750863
27.467595,2.534618
30.298302,2.889964
18.018802,0.876768
23.655362,2.192834
33.556209,17.195299
16.123147,2.966043
31.807960,0.071728
28.270052,6.108211
26.206522,6.945795
26.552491,5.236610
25.025361,0.380987
31.175768,1.006317
24.346278,0.668022
20.626715,1.131299
31.791037,1.482057
32.850961,7.172838
34.103993,0.321906
35.666995,0.936761
34.866251,2.856662
32.633473,3.188298
26.354472,0.309744
29.488621,1.266369
20.785330,3.195673
34.712267,0.209022
34.559026,2.205653
31.215849,0.308503
40.663645,0.029241
34.255681,15.856516
15.805498,0.837617
25.962945,7.624635
