30.594056,1.638697
35.474591,3.844292
34.940621,4.163565
37.327098,4.220956
30.611621,3.753483
26.687593,4.499407
38.045445,0.360903
33.885919,3.493186
39.338891,2.922425
44.886848,5.352495
40.152594,6.150571
51.955892,17.267140
62.157483,35.291398
19.789623,1.142550
26.617885,5.905019
26.551156,1.852734
32.234971,7.690615
25.682651,3.708199
33.010906,5.693059
33.136350,6.703379
16.662269,1.653618
13.439899,0.040769
66.999092,0.972310
66.257585,2.425308
13.141280,0.598742
13.854461,0.705187
15.257514,2.253115
60.185269,5.227990
55.756282,2.540209
54.294997,3.371127
50.958419,1.265981
50.559387,6.137941
49.908666,6.045158
38.294870,9.800265
26.714878,2.277493
33.272503,3.720487
33.135013,2.879041
39.714990,9.176473
43.665049,6.144643
53.886110,1.851911
50.167995,4.963878
48.912276,4.235254
46.178919,5.418139
52.005325,5.035706
41.691317,4.963444
26.238575,4.925800
36.614661,4.523218
45.944912,2.360734
37.271195,1.188379
34.224450,3.147712
34.920406,2.895370
39.210655,3.512712
23.231351,1.078910
30.474548,2.698409
38.209730,17.324827
20.777826,3.551517
35.516907,0.071793
31.555441,6.113134
29.260996,6.952054
29.661618,5.242121
27.969636,0.381448
34.832769,1.007436
27.209980,0.668825
23.060005,1.132768
35.564221,1.484283
41.472925,8.027615
39.825545,0.327819
42.365894,0.963260
42.711435,3.020741
39.384404,3.318586
30.931898,0.316259
33.947604,1.281338
24.717996,3.288607
39.698073,0.210939
40.259371,2.243518
38.214424,0.325955
46.958828,0.029625
40.954918,16.378882
20.473152,1.030578
30.372386,7.771624
