27.481980,1.745694
32.181029,4.110276
31.943737,4.463774
34.228232,4.529919
28.160534,4.032540
24.679984,4.842193
34.455273,0.385640
30.549306,3.726375
35.141370,3.106476
39.634738,5.662086
35.553575,6.514179
46.435094,18.358226
55.839125,37.596860
16.339679,1.159663
21.957466,5.988628
23.244220,1.952297
25.192922,7.269620
18.822255,2.961339
24.279283,4.596624
24.344781,5.393962
12.127069,1.292144
9.959021,0.031766
61.476081,1.043704
60.919115,2.605151
9.969936,0.466519
10.809646,0.549292
11.623483,1.755562
55.191776,5.610769
50.913720,2.722260
49.457476,3.609642
46.336268,1.354710
45.736002,6.555910
45.036112,6.450937
34.499601,10.451700
22.151324,2.319992
27.580457,3.788963
27.936531,2.969874
29.565533,7.691999
32.970886,5.367387
41.329809,1.683258
39.017212,4.648715
38.687163,4.085733
36.726386,5.270300
41.896221,4.982807
33.541400,4.903117
20.791989,4.765557
28.936752,4.357933
35.820856,2.221398
28.913280,1.107282
25.553444,2.662106
26.092107,2.454033
28.622424,2.771789
17.058771,0.840653
22.399947,2.102508
33.912091,18.367121
15.247442,2.847551
32.850854,0.077267
29.214260,6.581214
27.067800,7.482403
27.403485,5.639716
25.807237,0.410209
32.165394,1.083676
25.107898,0.719269
21.262040,1.217897
32.739336,1.595000
31.289322,6.995945
33.820860,0.339771
34.998773,0.978142
33.654408,2.896349
31.739223,3.285053
26.050148,0.325988
29.539479,1.346244
20.382046,3.333981
34.952585,0.222857
34.327542,2.331117
30.140591,0.313036
40.639479,0.031040
33.488769,16.474276
14.941612,0.803115
25.717503,8.039824
