26.416702,3.100229
30.676238,7.270007
30.245445,7.871943
32.322725,7.979882
26.516879,7.095650
23.129284,8.505084
32.891480,0.682551
29.275663,6.607627
33.936452,5.530485
38.642648,10.136739
34.584769,11.645870
44.824494,32.675961
53.671092,66.767083
16.783951,2.184510
22.569902,11.292611
22.820049,3.511167
26.933614,15.026285
21.034988,8.322026
27.068364,12.462847
27.161505,14.774934
13.620743,4.233850
11.108920,0.153472
58.020838,1.838165
57.391398,4.584890
11.017345,3.011801
11.815133,4.823158
12.823703,11.883270
52.116671,9.883706
48.256907,4.802855
46.977314,6.374345
44.080034,2.393930
43.702907,11.608775
43.124572,11.434427
33.081149,18.538521
22.681515,4.350279
28.246963,7.107037
28.246407,5.481678
32.693651,19.128853
36.107486,12.429912
44.774021,3.673079
41.857674,9.730620
41.008480,8.219286
38.776558,10.487555
43.823751,9.697174
35.119406,9.562712
22.010175,9.550709
30.690972,8.781739
38.361756,4.619845
31.073957,2.333906
28.200473,6.510745
28.780639,5.978218
32.074624,8.234930
19.098940,3.561999
25.068574,9.050905
32.925160,32.798807
17.024932,7.890503
30.781824,0.135708
27.350614,11.555314
25.360202,13.141198
25.704591,9.909135
24.235491,0.721060
30.184569,1.904359
23.577394,1.264295
19.979977,2.141323
30.809206,2.805880
34.285762,16.261058
34.006935,0.623453
35.936126,1.841486
35.771029,5.873874
33.191371,6.389788
26.361422,0.602268
29.141529,2.429656
20.956812,6.289654
34.157225,0.399570
34.408950,4.264286
32.013713,0.633492
40.265228,0.056206
34.648360,31.393404
16.770294,3.030683
25.917378,14.786843
