20.460439,3.100229
23.769272,7.270007
23.441575,7.871943
25.053699,7.979882
20.555198,7.095650
17.931192,8.505084
25.484116,0.682551
22.678417,6.607627
26.277607,5.530485
29.902191,10.136739
26.766652,11.645870
34.709286,32.675961
41.569840,66.767083
12.902939,2.184510
17.348738,11.292611
17.648529,3.511167
20.480579,15.026285
15.383301,8.322026
19.902920,12.462847
19.941198,14.774934
9.702314,4.233850
7.246074,0.153472
44.973354,1.838165
44.487744,4.584890
6.598678,3.011801
6.335817,4.823158
7.561396,11.883270
40.396265,9.883706
37.399916,4.802855
36.405329,6.374345
34.158007,2.393930
33.859227,11.608775
33.407797,11.434427
25.625556,18.538521
17.446948,4.350279
21.727093,7.107037
21.771847,5.481678
24.327473,19.128853
27.104968,12.429912
33.840958,3.673079
31.784193,9.730620
31.278956,8.219286
29.613574,10.487555
33.555677,9.697174
26.883876,9.562712
16.795389,9.550709
23.404815,8.781739
29.150645,4.619845
23.577401,2.333906
21.028903,6.510745
21.472210,5.978218
23.247893,8.234930
12.876472,3.561999
16.836892,9.050905
25.485643,32.798807
12.477523,7.890503
23.863970,0.135708
21.204229,11.555314
19.660836,13.141198
19.927362,9.909135
18.787971,0.721060
23.400223,1.904359
18.277821,1.264295
15.488757,2.141323
23.882887,2.805880
25.726260,16.261058
26.232127,0.623453
27.628547,1.841486
27.259038,5.873874
25.416091,6.389788
20.316417,0.602268
22.527491,2.429656
16.107888,6.289654
26.426542,0.399570
26.552908,4.264286
24.401713,0.633492
31.113265,0.056206
26.598059,31.393404
11.609073,3.030683
19.985957,14.786843
