25.786502,3.100229
29.872189,7.270007
29.405700,7.871943
31.408456,7.979882
25.753490,7.095650
22.447431,8.505084
32.041626,0.682551
28.550514,6.607627
33.177980,5.530485
37.915133,10.136739
33.902763,11.645870
43.816445,32.675961
52.389609,66.767083
16.960035,2.184510
22.817979,11.292611
22.456969,3.511167
28.164750,15.026285
23.333989,8.322026
29.883462,12.462847
30.028775,14.774934
15.334252,4.233850
12.559472,0.153472
56.373618,1.838165
55.743834,4.584890
12.344359,3.011801
13.089339,4.823158
14.344367,11.883270
50.642043,9.883706
46.927607,4.802855
45.705597,6.374345
42.902573,2.393930
42.585107,11.608775
42.046664,11.434427
32.267534,18.538521
22.867711,4.350279
28.483363,7.107037
28.240606,5.481678
35.607124,19.128853
38.800837,12.429912
47.488126,3.673079
43.926119,9.730620
42.528708,8.219286
40.067868,10.487555
44.915331,9.697174
36.024346,9.562712
22.797763,9.550709
31.846211,8.781739
40.185286,4.619845
32.670890,2.333906
30.622972,6.510745
31.230642,5.978218
35.809576,8.234930
21.640570,3.561999
28.400661,9.050905
32.252083,32.798807
18.851356,7.890503
29.873759,0.135708
26.540933,11.555314
24.611731,13.141198
24.949783,9.909135
23.527716,0.721060
29.300001,1.904359
22.888645,1.264295
19.398354,2.141323
29.919127,2.805880
36.870765,16.261058
33.885316,0.623453
36.302755,1.841486
37.192951,5.873874
34.011159,6.389788
26.370040,0.602268
28.742521,2.429656
21.191773,6.289654
33.546516,0.399570
34.223599,4.264286
33.263933,0.633492
39.798172,0.056206
35.200517,31.393404
18.991308,3.030683
25.859615,14.786843
