24.895948,3.100229
29.132729,7.270007
28.896471,7.871943
30.952385,7.979882
25.454968,7.095650
22.291276,8.505084
31.195791,0.682551
27.668429,6.607627
31.843666,5.530485
35.929012,10.136739
32.227294,11.645870
42.076627,32.675961
50.584480,66.767083
14.768998,2.184510
19.844721,11.292611
21.073229,3.511167
22.532851,15.026285
16.095186,8.322026
20.893811,12.462847
20.912947,14.774934
10.056755,4.233850
7.476394,0.153472
55.588130,1.838165
55.070233,4.584890
6.808160,3.011801
6.537059,4.823158
7.801441,11.883270
49.909261,9.883706
46.062626,4.802855
44.756166,6.374345
41.938557,2.393930
41.413006,11.608775
40.786530,11.434427
31.247659,18.538521
20.031036,4.350279
24.939735,7.107037
25.297867,5.481678
25.801463,19.128853
29.068440,12.429912
36.721589,3.673079
34.844756,9.730620
34.713352,8.219286
32.995744,10.487555
37.736365,9.697174
30.203736,9.562712
18.664548,9.550709
25.959321,8.781739
32.015105,4.619845
25.799622,2.333906
22.355787,6.510745
22.840285,5.978218
24.220274,8.234930
13.289113,3.561999
17.375455,9.050905
30.737319,32.798807
13.071339,7.890503
29.670442,0.135708
26.381666,11.555314
24.446772,13.141198
24.755118,9.909135
23.317780,0.721060
29.059040,1.904359
22.685684,1.264295
19.213071,2.141323
29.591037,2.805880
27.572111,16.261058
30.639608,0.623453
31.636313,1.841486
30.168923,5.873874
28.589531,6.389788
23.587881,0.602268
26.780295,2.429656
18.420045,6.289654
31.686271,0.399570
31.104751,4.264286
27.025801,0.633492
36.841056,0.056206
30.233481,31.393404
11.991978,3.030683
23.294682,14.786843
