22.455464,3.100229
26.500657,7.270007
26.493554,7.871943
28.476017,7.979882
23.511714,7.095650
20.743454,8.505084
28.333342,0.682551
25.030092,6.607627
28.600685,5.530485
32.018106,10.136739
28.770326,11.645870
37.805245,32.675961
45.628676,66.767083
12.803840,2.184510
17.200651,11.292611
18.684555,3.511167
19.461109,15.026285
14.544361,8.322026
18.735184,12.462847
18.792708,14.774934
9.445278,4.233850
7.964065,0.153472
51.179751,1.838165
50.830510,4.584890
8.153298,3.011801
9.066427,4.823158
9.541824,11.883270
45.919233,9.883706
42.177989,4.802855
40.876603,6.374345
38.235747,2.393930
37.574344,11.608775
36.926347,11.434427
28.251220,18.538521
17.383252,4.350279
21.641484,7.107037
22.061063,5.481678
22.762578,19.128853
25.373886,12.429912
31.840583,3.673079
30.115225,9.730620
29.955748,8.219286
28.472531,10.487555
32.585642,9.697174
26.078009,9.562712
16.105927,9.550709
22.402014,8.781739
27.659373,4.619845
22.307690,2.333906
19.669107,6.510745
20.082854,5.978218
22.173585,8.234930
13.512802,3.561999
17.763600,9.050905
27.482207,32.798807
11.775318,7.890503
27.617829,0.135708
24.593824,11.555314
22.759866,13.141198
23.001743,9.909135
21.625577,0.721060
26.981397,1.904359
21.041257,1.264295
17.800840,2.141323
27.356945,2.805880
24.079336,16.261058
26.787846,0.623453
27.430123,1.841486
26.038052,5.873874
24.688052,6.389788
20.562283,0.602268
23.667379,2.429656
15.964378,6.289654
28.187604,0.399570
27.236761,4.264286
23.324161,0.633492
32.470398,0.056206
26.159374,31.393404
11.741950,3.030683
20.344437,14.786843
