32.100674,3.100229
38.190824,7.270007
38.474645,7.871943
41.495535,7.979882
34.400803,7.095650
30.592428,8.505084
40.771230,0.682551
35.881783,6.607627
40.721578,5.530485
45.247953,10.136739
40.727476,11.645870
53.845546,32.675961
65.231262,66.767083
17.545327,2.184510
23.562435,11.292611
26.275410,3.511167
26.185436,15.026285
19.106717,8.322026
24.668601,12.462847
24.728136,14.774934
12.285665,4.233850
10.074045,0.153472
74.637087,1.838165
74.318163,4.584890
10.074840,3.011801
10.917010,4.823158
11.743889,11.883270
66.918371,9.883706
61.174339,4.802855
59.137987,6.374345
55.222727,2.393930
54.015659,11.608775
52.975241,11.434427
40.476537,18.538521
23.858153,4.350279
29.699136,7.107037
30.477441,5.481678
30.142131,19.128853
33.772999,12.429912
42.593821,3.673079
40.459690,9.730620
40.457144,8.219286
38.521097,10.487555
44.271120,9.697174
35.413797,9.562712
21.764861,9.550709
30.247566,8.781739
37.188522,4.619845
29.946763,2.333906
26.075698,6.510745
26.631548,5.978218
29.025800,8.234930
17.263285,3.561999
22.667323,9.050905
38.960935,32.798807
15.482958,7.890503
40.743125,0.135708
36.343392,11.555314
33.583508,13.141198
33.867366,9.909135
31.776796,0.721060
39.695983,1.904359
30.921182,1.264295
26.128734,2.141323
40.064753,2.805880
32.040868,16.261058
37.120381,0.623453
37.595332,1.841486
35.124044,5.873874
33.545115,6.389788
28.393929,0.602268
33.174887,2.429656
21.865707,6.289654
39.767183,0.399570
37.809097,4.264286
31.472830,0.633492
45.388850,0.056206
35.721704,31.393404
15.126649,3.030683
28.156353,14.786843
