25.543331,3.100229
29.613884,7.270007
29.165474,7.871943
31.156583,7.979882
25.550525,7.095650
22.274449,8.505084
31.760720,0.682551
28.290146,6.607627
32.847607,5.530485
37.488640,10.136739
33.532720,11.645870
43.382303,32.675961
51.895935,66.767083
16.562846,2.184510
22.278598,11.292611
22.179321,3.511167
27.059859,15.026285
21.735661,8.322026
27.910147,12.462847
28.024037,14.774934
14.164242,4.233850
11.570469,0.153472
55.923194,1.838165
55.303298,4.584890
11.438850,3.011801
12.219849,4.823158
13.306708,11.883270
50.236060,9.883706
46.541209,4.802855
45.322689,6.374345
42.538382,2.393930
42.208151,11.608775
41.666390,11.434427
31.971367,18.538521
22.354973,4.350279
27.842726,7.107037
27.709799,5.481678
33.501081,19.128853
36.765366,12.429912
45.301567,3.673079
42.128660,9.730620
41.027355,8.219286
38.721772,10.487555
43.576131,9.697174
34.936358,9.562712
22.006262,9.550709
30.713741,8.781739
38.575396,4.619845
31.304524,2.333906
28.857075,6.510745
29.440874,5.978218
33.236729,8.234930
19.909751,3.561999
26.131196,9.050905
31.908672,32.798807
17.577779,7.890503
29.643690,0.135708
26.337169,11.555314
24.422265,13.141198
24.756828,9.909135
23.344825,0.721060
29.072977,1.904359
22.710769,1.264295
19.247103,2.141323
29.684136,2.805880
34.922928,16.261058
33.296691,0.623453
35.457170,1.841486
35.834734,5.873874
33.000275,6.389788
25.868416,0.602268
28.362156,2.429656
20.688786,6.289654
33.157147,0.399570
33.655009,4.264286
32.059740,0.633492
39.238270,0.056206
34.291731,31.393404
17.479805,3.030683
25.395734,14.786843
