28.075189,3.100229
32.876743,7.270007
32.635128,7.871943
34.969395,7.979882
28.770592,7.095650
25.215038,8.505084
35.199961,0.682551
31.209106,6.607627
35.899223,5.530485
40.487805,10.136739
36.319175,11.645870
47.436588,32.675961
57.044451,66.767083
16.686330,2.184510
22.423187,11.292611
23.743740,3.511167
25.717691,15.026285
19.194156,8.322026
24.762263,12.462847
24.828142,14.774934
12.359217,4.233850
10.131553,0.153472
62.807380,1.838165
62.238738,4.584890
10.127048,3.011801
10.960504,4.823158
11.803516,11.883270
56.386884,9.883706
52.015505,4.802855
50.527354,6.374345
47.338361,2.393930
46.724327,11.608775
46.008938,11.434427
35.244635,18.538521
22.621789,4.350279
28.166184,7.107037
28.532269,5.481678
30.162793,19.128853
33.644909,12.429912
42.182940,3.673079
39.828191,9.730620
39.496906,8.219286
37.496644,10.487555
42.778742,9.697174
34.247622,9.562712
21.227480,9.550709
29.542227,8.781739
36.566219,4.619845
29.513543,2.333906
26.071121,6.510745
26.621049,5.978218
29.181796,8.234930
17.365445,3.561999
22.800921,9.050905
34.642637,32.798807
15.549520,7.890503
33.563067,0.135708
29.847714,11.555314
27.654646,13.141198
27.997503,9.909135
26.366553,0.721060
32.862586,1.904359
25.652061,1.264295
21.722802,2.141323
33.448658,2.805880
31.928584,16.261058
34.543248,0.623453
35.741386,1.841486
34.357782,5.873874
32.407864,6.389788
26.605517,0.602268
30.173563,2.429656
20.814305,6.289654
35.704495,0.399570
35.061394,4.264286
30.770769,0.633492
41.510915,0.056206
34.197359,31.393404
15.218364,3.030683
26.266453,14.786843
