28.768216,3.100229
33.591033,7.270007
33.262138,7.871943
35.605334,7.979882
29.261029,7.095650
25.594895,8.505084
35.983071,0.682551
31.946313,6.607627
36.842268,5.530485
41.678677,10.136739
37.360620,11.645870
48.676125,32.675961
58.451270,66.767083
17.432855,2.184510
23.430490,11.292611
24.494448,3.511167
27.126054,15.026285
20.398296,8.322026
26.311555,12.462847
26.383097,14.774934
13.127683,4.233850
10.706654,0.153472
63.935585,1.838165
63.311927,4.584890
10.650752,3.011801
11.463217,4.823158
12.403626,11.883270
57.411232,9.883706
53.035434,4.802855
51.558892,6.374345
48.331669,2.393930
47.780215,11.608775
47.082994,11.434427
36.084603,18.538521
23.614440,4.350279
29.403851,7.107037
29.684363,5.481678
32.018758,19.128853
35.658802,12.429912
44.616352,3.673079
42.040681,9.730620
41.580567,8.219286
39.438952,10.487555
44.895376,9.697174
35.950734,9.562712
22.340526,9.550709
31.104867,8.781739
38.583063,4.619845
31.164946,2.333906
27.667043,6.510745
28.248470,5.978218
31.012788,8.234930
18.387503,3.561999
24.137317,9.050905
35.614393,32.798807
16.524243,7.890503
34.066363,0.135708
30.284062,11.555314
28.068021,13.141198
28.429975,9.909135
26.786771,0.721060
33.376341,1.904359
26.060278,1.264295
22.074838,2.141323
34.010369,2.805880
33.843200,16.261058
35.883358,0.623453
37.336592,1.841486
36.192626,5.873874
34.009363,6.389788
27.686183,0.602268
31.173053,2.429656
21.751006,6.289654
36.781387,0.399570
36.389938,4.264286
32.408922,0.633492
42.940604,0.056206
35.792910,31.393404
16.139767,3.030683
27.302472,14.786843
