27.462606,3.100229
31.851179,7.270007
31.376723,7.871943
33.521570,7.979882
27.492156,7.095650
23.969689,8.505084
34.158148,0.682551
30.420331,6.607627
35.307045,5.530485
40.272400,10.136739
36.027983,11.645870
46.631574,32.675961
55.795479,66.767083
17.708408,2.184510
23.817576,11.292611
23.814928,3.511167
28.769382,15.026285
22.865285,8.322026
29.389273,12.462847
29.500830,14.774934
14.847946,4.233850
12.063494,0.153472
60.169123,1.838165
59.505137,4.584890
11.887340,3.011801
12.650471,4.823158
13.820629,11.883270
54.049382,9.883706
50.068097,4.802855
48.753522,6.374345
45.755806,2.393930
45.392276,11.608775
44.805417,11.434427
34.377760,18.538521
23.909910,4.350279
29.778607,7.107037
29.677420,5.481678
35.367768,19.128853
38.907246,12.429912
48.049037,3.673079
44.763734,9.730620
43.679283,8.219286
41.249407,10.487555
46.482746,9.697174
37.261578,9.562712
23.433506,9.550709
32.696053,8.781739
41.000503,4.619845
33.252096,2.333906
30.481400,6.510745
31.102082,5.978218
34.915225,8.234930
20.789242,3.561999
27.280348,9.050905
34.287133,32.798807
18.498257,7.890503
31.899877,0.135708
28.342142,11.555314
26.281102,13.141198
26.640524,9.909135
25.120465,0.721060
31.284795,1.904359
24.438212,1.264295
20.710763,2.141323
31.940393,2.805880
36.952632,16.261058
35.680484,0.623453
37.911310,1.841486
38.134762,5.873874
35.202635,6.389788
27.702901,0.602268
30.442693,2.429656
22.117160,6.289654
35.613756,0.399570
36.075040,4.264286
34.121261,0.633492
42.102275,0.056206
36.631522,31.393404
18.279826,3.030683
27.207941,14.786843
