23.874419,3.100229
27.870573,7.270007
27.593180,7.871943
29.535253,7.979882
24.271045,7.095650
21.228093,8.505084
29.856357,0.682551
26.509643,6.607627
30.579106,5.530485
34.603726,10.136739
31.016342,11.645870
40.400721,32.675961
48.507960,66.767083
14.507313,2.184510
19.499224,11.292611
20.341379,3.511167
22.643706,15.026285
17.181992,8.322026
22.137406,12.462847
22.204800,14.774934
11.116767,4.233850
9.211376,0.153472
53.035036,1.838165
52.515666,4.584890
9.289120,3.011801
10.155811,4.823158
10.843338,11.883270
47.623578,9.883706
43.997518,4.802855
42.774781,6.374345
40.098882,2.393930
39.645851,11.608775
39.069509,11.434427
29.944164,18.538521
19.647926,4.350279
24.465203,7.107037
24.681870,5.481678
26.868489,19.128853
29.862114,12.429912
37.301579,3.673079
35.106714,9.730620
34.681327,8.219286
32.883790,10.487555
37.405770,9.697174
29.955513,9.562712
18.631484,9.550709
25.945167,8.781739
32.213328,4.619845
26.029976,2.333906
23.205480,6.510745
23.690444,5.978218
26.171362,8.234930
15.729698,3.561999
20.662243,9.050905
29.564839,32.798807
13.912441,7.890503
28.254139,0.135708
25.116749,11.555314
23.279154,13.141198
23.579876,9.909135
22.217507,0.721060
27.682639,1.904359
21.614914,1.264295
18.309568,2.141323
28.210097,2.805880
28.344580,16.261058
29.828321,0.623453
31.070130,1.841486
30.194888,5.873874
28.335292,6.389788
23.021390,0.602268
25.892232,2.429656
18.101852,6.289654
30.540144,0.399570
30.245138,4.264286
27.036445,0.633492
35.672249,0.056206
29.799401,31.393404
13.741466,3.030683
22.697786,14.786843
