21.833867,3.100229
25.522051,7.270007
25.292275,7.871943
27.081902,7.979882
22.263005,7.095650
19.482656,8.505084
27.334571,0.682551
24.255915,6.607627
27.943336,5.530485
31.565168,10.136739
28.305240,11.645870
36.921035,32.675961
44.362462,66.767083
13.052416,2.184510
17.539493,11.292611
18.529077,3.511167
19.998165,15.026285
14.349667,8.322026
18.623126,12.462847
18.641634,14.774934
8.971779,4.233850
6.671241,0.153472
48.633217,1.838165
48.167934,4.584890
6.074974,3.011801
5.833038,4.823158
6.961285,11.883270
43.667994,9.883706
40.323009,4.802855
39.190648,6.374345
36.730900,2.393930
36.291777,11.608775
35.752471,11.434427
27.395805,18.538521
17.696753,4.350279
22.033965,7.107037
22.318815,5.481678
22.978125,19.128853
25.862144,12.429912
32.635142,3.673079
30.936158,9.730620
30.781221,8.219286
29.246111,10.487555
33.415167,9.697174
26.747907,9.562712
16.548033,9.550709
23.020199,8.781739
28.418815,4.619845
22.909868,2.333906
19.905437,6.510745
20.335805,5.978218
21.600206,8.234930
11.857900,3.561999
15.504175,9.050905
26.990319,32.798807
11.652656,7.890503
25.931460,0.135708
23.054165,11.555314
21.365713,13.141198
21.638901,9.909135
20.385948,0.721060
25.402670,1.904359
19.833163,1.264295
16.798901,2.141323
25.878136,2.805880
24.532302,16.261058
27.014779,0.623453
27.958063,1.841486
26.759138,5.873874
25.315086,6.389788
20.812153,0.602268
23.560587,2.429656
16.280839,6.289654
27.845547,0.399570
27.415263,4.264286
23.969512,0.633492
32.428042,0.056206
26.740269,31.393404
10.700110,3.030683
20.543987,14.786843
