31.020909,3.100229
35.952189,7.270007
35.400181,7.871943
37.814287,7.979882
31.008260,7.095650
27.030069,8.505084
38.560552,0.682551
34.352203,6.607627
39.900355,5.530485
45.561783,10.136739
40.748504,11.645870
52.695886,32.675961
63.024445,66.767083
20.218344,2.184510
27.197580,11.292611
26.967460,3.511167
33.192409,15.026285
26.808545,8.322026
34.420188,12.462847
34.562248,14.774934
17.450813,4.233850
14.079078,0.153472
67.872222,1.838165
67.117093,4.584890
13.724952,3.011801
14.414893,4.823158
15.926350,11.883270
60.970695,9.883706
56.492004,4.802855
55.016554,6.374345
51.639303,2.393930
51.246637,11.608775
50.593085,11.434427
38.823224,18.538521
27.279684,4.350279
33.977166,7.107037
33.771900,5.481678
41.280888,19.128853
45.245925,12.429912
55.668220,3.673079
51.700228,9.730620
50.268998,8.219286
47.420149,10.487555
53.303494,9.697174
42.740212,9.562712
26.958677,9.550709
37.635025,8.781739
47.328579,4.619845
38.426200,2.333906
35.549569,6.510745
36.266473,5.978218
40.989719,8.234930
24.356931,3.561999
31.948843,9.050905
38.770796,32.798807
21.679648,7.890503
35.972565,0.135708
31.959717,11.555314
29.636327,13.141198
30.042855,9.909135
28.329924,0.721060
35.280836,1.904359
27.560442,1.264295
23.357438,2.141323
36.024365,2.805880
42.981868,16.261058
40.560491,0.623453
43.280905,1.841486
43.922210,5.873874
40.365640,6.389788
31.530190,0.602268
34.496638,2.429656
25.257559,6.289654
40.303244,0.399570
40.985784,4.264286
39.291650,0.633492
47.740289,0.056206
41.893187,31.393404
21.467317,3.030683
30.942185,14.786843
