34.866973,3.100229
40.633818,7.270007
40.172048,7.871943
42.974781,7.979882
35.293012,7.095650
30.835365,8.505084
43.541987,0.682551
38.691777,6.607627
44.699681,5.530485
50.674741,10.136739
45.401936,11.645870
59.051897,32.675961
70.841656,66.767083
21.420288,2.184510
28.793373,11.292611
29.826206,3.511167
33.548179,15.026285
25.268792,8.322026
32.611760,12.462847
32.695862,14.774934
16.198948,4.233850
12.998025,0.153472
77.158223,1.838165
76.372305,4.584890
12.737349,3.011801
13.466653,4.823158
14.794647,11.883270
69.293164,9.883706
64.068867,4.802855
62.316779,6.374345
58.437238,2.393930
57.830462,11.608775
57.014247,11.434427
43.709904,18.538521
28.998782,4.350279
36.109754,7.107037
36.364991,5.481678
39.710790,19.128853
44.212640,12.429912
55.267923,3.673079
52.017649,9.730620
51.362137,8.219286
48.687412,10.487555
55.340166,9.697174
44.321872,9.562712
27.590456,9.550709
38.425445,8.781739
47.728630,4.619845
38.569707,2.333906
34.313750,6.510745
35.034673,5.978218
38.373875,8.234930
22.459843,3.561999
29.462053,9.050905
43.261624,32.798807
20.474498,7.890503
41.039722,0.135708
36.475431,11.555314
33.812607,13.141198
34.258414,9.909135
32.287524,0.721060
40.223172,1.904359
31.411404,1.264295
26.612160,2.141323
41.015198,2.805880
41.962974,16.261058
43.911011,0.623453
45.873285,1.841486
44.724677,5.873874
41.919851,6.389788
33.922719,0.602268
37.997847,2.429656
26.730943,6.289654
44.743160,0.399570
44.503107,4.264286
40.044895,0.633492
52.389174,0.056206
44.037128,31.393404
19.812403,3.030683
33.425415,14.786843
