25.900087,3.100229
30.325790,7.270007
30.100027,7.871943
32.251797,7.979882
26.533712,7.095650
23.253173,8.505084
32.469438,0.682551
28.789840,6.607627
33.120428,5.530485
37.359893,10.136739
33.511975,11.645870
43.764444,32.675961
52.624923,66.767083
15.415277,2.184510
20.715544,11.292611
21.912169,3.511167
23.793539,15.026285
17.830517,8.322026
22.991336,12.462847
23.055818,14.774934
11.508008,4.233850
9.498935,0.153472
57.925950,1.838165
57.400118,4.584890
9.550973,3.011801
10.407359,4.823158
11.143394,11.883270
52.004822,9.883706
47.975627,4.802855
46.604466,6.374345
43.664021,2.393930
43.100467,11.608775
42.441909,11.434427
32.512844,18.538521
20.896751,4.350279
26.018517,7.107037
26.347899,5.481678
27.972841,19.128853
31.173491,12.429912
39.054792,3.673079
36.854601,9.730620
36.527847,8.219286
34.672362,10.487555
39.542832,9.697174
31.658141,9.562712
19.630681,9.550709
27.322153,8.781739
33.833222,4.619845
27.312580,2.333906
24.172971,6.510745
24.681595,5.978218
27.130764,8.234930
16.240974,3.561999
21.330683,9.050905
31.963970,32.798807
14.441903,7.890503
30.951618,0.135708
27.525049,11.555314
25.502879,13.141198
25.819438,9.909135
24.315730,0.721060
30.306213,1.904359
23.656795,1.264295
20.033342,2.141323
30.847810,2.805880
29.584624,16.261058
31.894491,0.623453
33.018473,1.841486
31.778743,5.873874
29.956182,6.389788
24.569164,0.602268
27.848589,2.429656
19.229353,6.289654
32.947493,0.399570
32.370605,4.264286
28.460118,0.633492
38.315649,0.056206
31.599195,31.393404
14.203608,3.030683
24.253635,14.786843
