23.752144,3.100229
28.082163,7.270007
28.111056,7.871943
30.228434,7.979882
24.970062,7.095650
22.044480,8.505084
30.015262,0.682551
26.493805,6.607627
30.218620,5.530485
33.745233,10.136739
30.341063,11.645870
39.947919,32.675961
48.264223,66.767083
13.237605,2.184510
17.777499,11.292611
19.653379,3.511167
19.622268,15.026285
13.662702,8.322026
17.756765,12.462847
17.766610,14.774934
8.515082,4.233850
6.326184,0.153472
54.334459,1.838165
53.979295,4.584890
5.760760,3.011801
5.532466,4.823158
6.601245,11.883270
48.745506,9.883706
44.744655,4.802855
43.346625,6.374345
40.534117,2.393930
39.796609,11.608775
39.092526,11.434427
29.899283,18.538521
17.999148,4.350279
22.405901,7.107037
22.968097,5.481678
22.019018,19.128853
24.940193,12.429912
31.709876,3.673079
30.275338,9.730620
30.403449,8.219286
28.978163,10.487555
33.362738,9.697174
26.683917,9.562712
16.362216,9.550709
22.727188,8.781739
27.848281,4.619845
22.390406,2.333906
19.098930,6.510745
19.518082,5.978218
20.532950,8.234930
11.244770,3.561999
14.702437,9.050905
28.997309,32.798807
11.100553,7.890503
29.350575,0.135708
26.139422,11.555314
24.188136,13.141198
24.441717,9.909135
22.975884,0.721060
28.668884,1.904359
22.355253,1.264295
18.910650,2.141323
29.056533,2.805880
23.648552,16.261058
27.950096,0.623453
28.364797,1.841486
26.374265,5.873874
25.280494,6.389788
21.400319,0.602268
24.857723,2.429656
16.497366,6.289654
29.688774,0.399570
28.451802,4.264286
23.637749,0.633492
34.056426,0.056206
26.947839,31.393404
10.147997,3.030683
21.208633,14.786843
