26.524923,3.100229
31.027962,7.270007
30.771666,7.871943
32.960212,7.979882
27.106174,7.095650
23.738811,8.505084
33.226841,0.682551
29.474411,6.607627
33.936424,5.530485
38.317790,10.136739
34.363378,11.645870
44.840724,32.675961
53.894101,66.767083
15.881864,2.184510
21.343649,11.292611
22.489154,3.511167
24.578399,15.026285
18.441861,8.322026
23.781607,12.462847
23.847841,14.774934
11.893731,4.233850
9.786488,0.153472
59.193901,1.838165
58.642404,4.584890
9.812825,3.011801
10.658733,4.823158
11.443449,11.883270
53.146774,9.883706
49.052531,4.802855
47.663219,6.374345
44.664249,2.393930
44.110842,11.608775
43.447252,11.434427
33.288184,18.538521
21.524090,4.350279
26.800076,7.107037
27.111904,5.481678
28.934597,19.128853
32.237476,12.429912
40.370260,3.673079
38.077473,9.730620
37.714039,8.219286
35.789593,10.487555
40.792279,9.697174
32.660621,9.562712
20.266514,9.550709
28.210399,8.781739
34.952561,4.619845
28.221510,2.333906
25.003226,6.510745
25.529065,5.978218
28.055215,8.234930
16.752063,3.561999
21.998940,9.050905
32.769705,32.798807
14.937626,7.890503
31.597282,0.135708
28.095569,11.555314
26.034450,13.141198
26.362140,9.909135
24.830997,0.721060
30.945204,1.904359
24.157901,1.264295
20.459733,2.141323
31.510655,2.805880
30.594964,16.261058
32.804301,0.623453
34.016860,1.841486
32.816057,5.873874
30.902211,6.389788
25.283333,0.602268
28.594934,2.429656
19.812837,6.289654
33.800029,0.399570
33.285226,4.264286
29.387883,0.633492
39.358060,0.056206
32.572871,31.393404
14.664638,3.030683
24.950173,14.786843
