31.451922,3.100229
37.055163,7.270007
36.982697,7.871943
39.719315,7.979882
32.764575,7.095650
28.854059,8.505084
39.630397,0.682551
35.037942,6.607627
40.090846,5.530485
44.942428,10.136739
40.371685,11.645870
52.989765,32.675961
63.908381,66.767083
18.025357,2.184510
24.215073,11.292611
26.247759,3.511167
27.322246,15.026285
20.078049,8.322026
25.924403,12.462847
25.986756,14.774934
12.896412,4.233850
10.528318,0.153472
71.374760,1.838165
70.846211,4.584890
10.488354,3.011801
11.308273,4.823158
12.217547,11.883270
64.048747,9.883706
58.893518,4.802855
57.108214,6.374345
53.438775,2.393930
52.566964,11.608775
51.682683,11.434427
39.551594,18.538521
24.472631,4.350279
30.467485,7.107037
31.052193,5.481678
31.664215,19.128853
35.434644,12.429912
44.595708,3.673079
42.257715,9.730620
42.100769,8.219286
40.031792,10.487555
45.846798,9.697174
36.688574,9.562712
22.638914,9.550709
31.482531,8.781739
38.822254,4.619845
31.292827,2.333906
27.387037,6.510745
27.969332,5.978218
30.493009,8.234930
18.070750,3.561999
23.723079,9.050905
38.554052,32.798807
16.270691,7.890503
38.413594,0.135708
34.194172,11.555314
31.655121,13.141198
32.007439,9.909135
30.106516,0.721060
37.551971,1.904359
29.292390,1.264295
24.787937,2.141323
38.114798,2.805880
33.620389,16.261058
37.697607,0.623453
38.616488,1.841486
36.583582,5.873874
34.735681,6.389788
28.943301,0.602268
33.263468,2.429656
22.474578,6.289654
39.577045,0.399570
38.323641,4.264286
32.773222,0.633492
45.652693,0.056206
36.822653,31.393404
15.855299,3.030683
28.632685,14.786843
