31.354307,3.100229
36.502351,7.270007
36.058225,7.871943
38.561907,7.979882
31.658456,7.095650
27.645106,8.505084
39.121734,0.682551
34.780512,6.607627
40.220025,5.530485
45.652279,10.136739
40.889984,11.645870
53.131130,32.675961
63.704199,66.767083
19.435962,2.184510
26.128611,11.292611
26.894500,3.511167
30.628192,15.026285
23.286583,8.322026
30.029376,12.462847
30.113875,14.774934
14.972780,4.233850
12.090793,0.153472
69.230646,1.838165
68.511143,4.584890
11.911227,3.011801
12.673423,4.823158
13.847998,11.883270
62.177427,9.883706
57.514983,4.802855
55.956509,6.374345
52.482632,2.393930
51.965933,11.608775
51.245798,11.434427
39.294311,18.538521
26.300346,4.350279
32.750681,7.107037
32.922098,5.481678
36.487328,19.128853
40.539351,12.429912
50.572630,3.673079
47.517607,9.730620
46.826584,8.219286
44.360296,10.487555
50.349029,9.697174
40.330582,9.562712
25.148731,9.550709
35.035546,8.781739
43.586871,4.619845
35.243792,2.333906
31.513917,6.510745
32.172449,5.978218
35.404615,8.234930
20.846891,3.561999
27.353239,9.050905
38.952779,32.798807
18.862533,7.890503
36.793062,0.135708
32.697994,11.555314
30.313421,13.141198
30.717023,9.909135
28.953623,0.721060
36.066949,1.904359
28.167787,1.264295
23.866006,2.141323
36.788733,2.805880
38.481046,16.261058
39.723025,0.623453
41.621298,1.841486
40.793070,5.873874
38.137681,6.389788
30.714695,0.602268
34.284992,2.429656
24.258108,6.289654
40.320843,0.399570
40.241335,4.264286
36.520537,0.633492
47.297404,0.056206
39.999800,31.393404
18.355570,3.030683
30.246948,14.786843
