29.834467,3.100229
34.905007,7.270007
34.620881,7.871943
37.084870,7.979882
30.499699,7.095650
26.712767,8.505084
37.377634,0.682551
33.153978,6.607627
38.167055,5.530485
43.085566,10.136739
38.641121,11.645870
50.431159,32.675961
60.618609,66.767083
17.830338,2.184510
23.961577,11.292611
25.283257,3.511167
27.539267,15.026285
20.548091,8.322026
26.516395,12.462847
26.584948,14.774934
13.209065,4.233850
10.764170,0.153472
66.602090,1.838165
65.983545,4.584890
10.703123,3.011801
11.513585,4.823158
12.463637,11.883270
59.797639,9.883706
55.187494,4.802855
53.622380,6.374345
50.247070,2.393930
49.620377,11.608775
48.871929,11.434427
37.443417,18.538521
24.167663,4.350279
30.091391,7.107037
30.455051,5.481678
32.314257,19.128853
36.048456,12.429912
45.189469,3.673079
42.654627,9.730620
42.279245,8.219286
40.130602,10.487555
45.761599,9.697174
36.637609,9.562712
22.721439,9.550709
31.624154,8.781739
39.158720,4.619845
31.609925,2.333906
27.932082,6.510745
28.521532,5.978218
31.223871,8.234930
18.489877,3.561999
24.271122,9.050905
36.850628,32.798807
16.648292,7.890503
35.555821,0.135708
31.615824,11.555314
29.296121,13.141198
29.664336,9.909135
27.940890,0.721060
34.821249,1.904359
27.183519,1.264295
23.021925,2.141323
35.455952,2.805880
34.209576,16.261058
36.855809,0.623453
38.190812,1.841486
36.782562,5.873874
34.667121,6.389788
28.400217,0.602268
32.143724,2.429656
22.242746,6.289654
38.003614,0.399570
37.399652,4.264286
32.941384,0.633492
44.237630,0.056206
36.558600,31.393404
16.232865,3.030683
28.029695,14.786843
