25.665351,3.100229
29.785878,7.270007
29.355130,7.871943
31.366552,7.979882
25.728591,7.095650
22.436797,8.505084
31.939948,0.682551
28.436523,6.607627
32.983237,5.530485
37.587708,10.136739
33.633852,11.645870
43.564010,32.675961
52.144301,66.767083
16.418472,2.184510
22.080342,11.292611
22.211224,3.511167
26.495803,15.026285
20.872089,8.322026
26.840851,12.462847
26.938528,14.774934
13.543336,4.233850
11.063497,0.153472
56.302733,1.838165
55.686654,4.584890
10.976169,3.011801
11.775596,4.823158
12.776520,11.883270
50.574818,9.883706
46.839278,4.802855
45.603278,6.374345
42.794913,2.393930
42.441481,11.608775
41.886085,11.434427
32.134348,18.538521
22.178782,4.350279
27.621647,7.107037
27.578466,5.481678
32.356916,19.128853
35.666508,12.429912
44.141570,3.673079
41.199829,9.730620
40.289260,8.219286
38.074278,10.487555
42.972846,9.697174
34.442275,9.562712
21.619867,9.550709
30.155339,8.781739
37.748391,4.619845
30.594434,2.333906
27.898252,6.510745
28.469286,5.978218
31.854677,8.234930
19.016442,3.561999
24.961185,9.050905
32.014600,32.798807
16.888816,7.890503
29.860024,0.135708
26.530646,11.555314
24.600649,13.141198
24.935943,9.909135
23.511987,0.721060
29.282518,1.904359
22.873476,1.264295
19.384088,2.141323
29.892391,2.805880
33.870725,16.261058
33.181786,0.623453
35.151836,1.841486
35.158052,5.873874
32.545809,6.389788
25.740590,0.602268
28.377363,2.429656
20.503021,6.289654
33.231717,0.399570
33.562417,4.264286
31.461779,0.633492
39.226304,0.056206
33.925411,31.393404
16.691369,3.030683
25.294957,14.786843
