25.763083,3.100229
29.935249,7.270007
29.527862,7.871943
31.560900,7.979882
25.896106,7.095650
22.593325,8.505084
32.093781,0.682551
28.557772,6.607627
33.084938,5.530485
37.643722,10.136739
33.697175,11.645870
43.701195,32.675961
52.343389,66.767083
16.267989,2.184510
21.874479,11.292611
22.216833,3.511167
25.988569,15.026285
20.187526,8.322026
25.985184,12.462847
26.072288,14.774934
13.066772,4.233850
10.686464,0.153472
56.655197,1.838165
56.046328,4.584890
10.632529,3.011801
11.445647,4.823158
12.382744,11.883270
50.888463,9.883706
47.108947,4.802855
45.853490,6.374345
43.021178,2.393930
42.640076,11.608775
42.069486,11.434427
32.268519,18.538521
21.991643,4.350279
27.387163,7.107037
27.422975,5.481678
31.416981,19.128853
34.739326,12.429912
43.134657,3.673079
40.372430,9.730620
39.609082,8.219286
37.470365,10.487555
42.392384,9.697174
33.968556,9.562712
21.262362,9.550709
29.641647,8.781739
37.008203,4.619845
29.964942,2.333906
27.106026,6.510745
27.665387,5.978218
30.773434,8.234930
18.349334,3.561999
24.088100,9.050905
32.085213,32.798807
16.340695,7.890503
30.068765,0.135708
26.718106,11.555314
24.772863,13.141198
25.107878,9.909135
23.671508,0.721060
29.483217,1.904359
23.028792,1.264295
19.514377,2.141323
30.088971,2.805880
32.984273,16.261058
33.033869,0.623453
34.832867,1.841486
34.539438,5.873874
32.108153,6.389788
25.590749,0.602268
28.358899,2.429656
20.310442,6.289654
33.267645,0.399570
33.434621,4.264286
30.914013,0.633492
39.168376,0.056206
33.557169,31.393404
16.097541,3.030683
25.170148,14.786843
