35.337428,3.100229
41.823661,7.270007
41.920108,7.871943
45.106483,7.979882
37.290098,7.095650
32.977406,8.505084
44.692913,0.682551
39.429368,6.607627
44.940230,5.530485
50.161985,10.136739
45.104839,11.645870
59.411139,32.675961
71.805925,66.767083
19.761594,2.184510
26.542404,11.292611
29.212550,3.511167
29.655191,15.026285
21.588576,8.322026
27.892309,12.462847
27.954238,14.774934
13.833750,4.233850
11.224260,0.153472
81.089289,1.838165
80.600384,4.584890
11.122120,3.011801
11.918628,4.823158
12.943816,11.883270
72.738344,9.883706
66.709539,4.802855
64.597359,6.374345
60.389141,2.393930
59.249160,11.608775
58.184923,11.434427
44.494460,18.538521
26.854182,4.350279
33.430254,7.107037
34.203520,5.481678
34.128701,19.128853
38.266907,12.429912
48.266273,3.673079
45.830992,9.730620
45.784651,8.219286
43.575299,10.487555
50.019724,9.697174
40.017917,9.562712
24.627557,9.550709
34.232630,8.781739
42.121112,4.619845
33.925683,2.333906
29.530628,6.510745
30.161515,5.978218
32.757574,8.234930
19.307788,3.561999
25.340493,9.050905
43.110522,32.798807
17.499001,7.890503
43.909950,0.135708
39.120935,11.555314
36.188402,13.141198
36.550179,9.909135
34.342971,0.721060
42.864130,1.904359
33.415988,1.264295
28.260002,2.141323
43.401267,2.805880
36.303448,16.261058
41.597021,0.623453
42.340849,1.841486
39.759599,5.873874
37.899619,6.389788
31.872165,0.602268
36.950884,2.429656
24.632557,6.289654
44.130040,0.399570
42.331337,4.264286
35.624209,0.633492
50.631984,0.056206
40.289159,31.393404
16.971733,3.030683
31.571388,14.786843
