25.008257,3.100229
28.969570,7.270007
28.516593,7.871943
30.458611,7.979882
24.974531,7.095650
21.768338,8.505084
31.073623,0.682551
27.688435,6.607627
32.177507,5.530485
36.774339,10.136739
32.882094,11.645870
42.495065,32.675961
50.808456,66.767083
16.462863,2.184510
22.149442,11.292611
21.782652,3.511167
27.374270,15.026285
22.751946,8.322026
29.128078,12.462847
29.272600,14.774934
14.972064,4.233850
12.294369,0.153472
54.668723,1.838165
54.057808,4.584890
12.103369,3.011801
12.857957,4.823158
14.068222,11.883270
49.110537,9.883706
45.508829,4.802855
44.324032,6.374345
41.605936,2.393930
41.298737,11.608775
40.776925,11.434427
31.293308,18.538521
22.195747,4.350279
27.646524,7.107037
27.403786,5.481678
34.677394,19.128853
37.759953,12.429912
46.184456,3.673079
42.699766,9.730620
41.320949,8.219286
38.924391,10.487555
43.620048,9.697174
34.986543,9.562712
22.149239,9.550709
30.942502,8.781739
39.060343,4.619845
31.761380,2.333906
29.818328,6.510745
30.408806,5.978218
34.934289,8.234930
21.167735,3.561999
27.782771,9.050905
31.280659,32.798807
18.378676,7.890503
28.969996,0.135708
25.737977,11.555314
23.867155,13.141198
24.195008,9.909135
22.815992,0.721060
28.413638,1.904359
22.196251,1.264295
18.811560,2.141323
29.014142,2.805880
35.883047,16.261058
32.878090,0.623453
35.238237,1.841486
36.140488,5.873874
33.030087,6.389788
25.589044,0.602268
27.880890,2.429656
20.571028,6.289654
32.537812,0.399570
33.204669,4.264286
32.321768,0.633492
38.607065,0.056206
34.174752,31.393404
18.562470,3.030683
25.091897,14.786843
