33.917622,3.100229
40.586198,7.270007
41.103677,7.871943
44.432932,7.979882
36.935042,7.095650
33.016443,8.505084
43.283237,0.682551
37.990045,6.607627
42.898590,5.530485
47.392619,10.136739
42.715279,11.645870
56.738841,32.675961
68.926448,66.767083
17.850991,2.184510
23.963600,11.292611
27.411046,3.511167
25.970532,15.026285
17.894210,8.322026
23.262387,12.462847
23.273295,14.774934
11.147565,4.233850
8.281551,0.153472
79.961477,1.838165
79.755080,4.584890
7.541730,3.011801
7.253322,4.823158
8.642452,11.883270
71.658551,9.883706
65.298399,4.802855
63.016632,6.374345
58.775262,2.393930
57.303823,11.608775
56.117975,11.434427
42.837322,18.538521
24.317426,4.350279
30.267004,7.107037
31.282451,5.481678
28.880336,19.128853
32.775272,12.429912
41.788775,3.673079
40.021487,9.730620
40.371442,8.219286
38.542130,10.487555
44.561231,9.697174
35.623841,9.562712
21.738542,9.550709
30.171334,8.781739
36.835333,4.619845
29.580345,2.333906
25.059213,6.510745
25.611520,5.978218
26.885543,8.234930
14.720429,3.561999
19.246830,9.050905
40.909144,32.798807
14.539866,7.890503
43.980066,0.135708
39.273610,11.555314
36.256570,13.141198
36.512113,9.909135
34.213335,0.721060
42.774266,1.904359
33.294211,1.264295
28.112602,2.141323
43.042966,2.805880
31.073782,16.261058
38.216670,0.623453
38.258920,1.841486
34.983309,5.873874
33.770037,6.389788
29.130355,0.602268
34.514276,2.429656
22.234188,6.289654
41.595522,0.399570
38.992091,4.264286
31.362200,0.633492
47.108363,0.056206
36.193201,31.393404
13.284692,3.030683
28.952182,14.786843
