33.501067,3.100229
38.850791,7.270007
38.269477,7.871943
40.884544,7.979882
33.530009,7.095650
29.233001,8.505084
41.665401,0.682551
37.107748,6.607627
43.072921,5.530485
49.136967,10.136739
43.956844,11.645870
56.887999,32.675961
68.063699,66.767083
21.623633,2.184510
29.083774,11.292611
29.059961,3.511167
35.140116,15.026285
27.849565,8.322026
35.816606,12.462847
35.946825,14.774934
18.025061,4.233850
14.454692,0.153472
73.384854,1.838165
72.573980,4.584890
14.065292,3.011801
14.741664,4.823158
16.316335,11.883270
65.921238,9.883706
61.067512,4.802855
59.465382,6.374345
55.809896,2.393930
55.369167,11.608775
54.654651,11.434427
41.935457,18.538521
29.194951,4.350279
36.360980,7.107037
36.230439,5.481678
43.151040,19.128853
47.499671,12.429912
58.680311,3.673079
54.675209,9.730620
53.351981,8.219286
50.383305,10.487555
56.771795,9.697174
45.509897,9.562712
28.622707,9.550709
39.936586,8.781739
50.079300,4.619845
40.614085,2.333906
37.195737,6.510745
37.954605,5.978218
42.481705,8.234930
25.035362,3.561999
32.833252,9.050905
41.831744,32.798807
22.535949,7.890503
38.904478,0.135708
34.565365,11.555314
32.051908,13.141198
32.490478,9.909135
30.636859,0.721060
38.154683,1.904359
29.804774,1.264295
25.258907,2.141323
38.954991,2.805880
45.112188,16.261058
43.555228,0.623453
46.293024,1.841486
46.579825,5.873874
42.994715,6.389788
33.820376,0.602268
37.150214,2.429656
27.007497,6.289654
43.454373,0.399570
44.034678,4.264286
41.677498,0.633492
51.382260,0.056206
44.734745,31.393404
22.100895,3.030683
33.213964,14.786843
