28.938051,3.100229
34.176294,7.270007
34.187650,7.871943
36.754653,7.979882
30.355090,7.095650
26.793239,8.505084
36.535141,0.682551
32.264659,6.607627
36.842072,5.530485
41.208618,10.136739
37.036313,11.645870
48.700748,32.675961
58.801400,66.767083
16.388867,2.184510
22.014895,11.292611
24.032284,3.511167
24.759503,15.026285
18.226068,8.322026
23.520437,12.462847
23.580514,14.774934
11.739580,4.233850
9.668561,0.153472
66.062294,1.838165
65.622395,4.584890
9.705451,3.011801
10.557174,4.823158
11.320435,11.883270
59.269279,9.883706
54.421999,4.802855
52.732732,6.374345
49.319198,2.393930
48.446997,11.608775
47.602657,11.434427
36.414868,18.538521
22.259164,4.350279
27.711049,7.107037
28.290364,5.481678
28.698058,19.128853
32.099491,12.429912
40.396336,3.673079
38.288434,9.730620
38.169800,8.219286
36.303633,10.487555
41.607737,9.697174
33.293452,9.562712
20.526880,9.550709
28.541942,8.781739
35.178156,4.619845
28.351620,2.333906
24.817834,6.510745
25.344680,5.978218
27.706262,8.234930
16.542539,3.561999
21.724954,9.050905
35.384240,32.798807
14.766668,7.890503
35.673076,0.135708
31.769801,11.555314
29.398519,13.141198
29.707559,9.909135
27.927060,0.721060
34.845936,1.904359
27.172625,1.264295
22.986423,2.141323
35.321576,2.805880
30.456459,16.261058
34.372541,0.623453
35.112183,1.841486
33.162258,5.873874
31.524638,6.389788
26.365899,0.602268
30.427168,2.429656
20.431840,6.289654
36.270805,0.399570
34.960093,4.264286
29.709476,0.633492
41.726958,0.056206
33.452992,31.393404
14.476181,3.030683
26.098417,14.786843
