35.806682,3.100229
41.537016,7.270007
40.923644,7.871943
43.723003,7.979882
35.860186,7.095650
31.267324,8.505084
44.544116,0.682551
39.666176,6.607627
46.028537,5.530485
52.485540,10.136739
46.957631,11.645870
60.792655,32.675961
72.748175,66.767083
23.015929,2.184510
30.954598,11.292611
31.029116,3.511167
37.251248,15.026285
29.300128,8.322026
37.708431,12.462847
37.837847,14.774934
18.915646,4.233850
15.105539,0.153472
78.480739,1.838165
77.616720,4.584890
14.657635,3.011801
15.310410,4.823158
16.995097,11.883270
70.497983,9.883706
65.301004,4.802855
63.583934,6.374345
59.672529,2.393930
59.192724,11.608775
58.424541,11.434427
44.825739,18.538521
31.083068,4.350279
38.711817,7.107037
38.611975,5.481678
45.514164,19.128853
50.186790,12.429912
62.099843,3.673079
57.935453,9.730620
56.613080,8.219286
53.486027,10.487555
60.326099,9.697174
48.354341,9.562712
30.376725,9.550709
42.374917,8.781739
53.076884,4.619845
43.026173,2.333906
39.247786,6.510745
40.052214,5.978218
44.649496,8.234930
26.194539,3.561999
34.348296,9.050905
44.691494,32.798807
23.716130,7.890503
41.611945,0.135708
36.971350,11.555314
34.282546,13.141198
34.750977,9.909135
32.767720,0.721060
40.808954,1.904359
31.877795,1.264295
27.015395,2.141323
41.662720,2.805880
47.659794,16.261058
46.436946,0.623453
49.275395,1.841486
49.411840,5.873874
45.687583,6.389788
36.041207,0.602268
39.656754,2.429656
28.744023,6.289654
46.410226,0.399570
46.958328,4.264286
44.214983,0.633492
54.835002,0.056206
47.584859,31.393404
23.151648,3.030683
35.405767,14.786843
