26.726739,3.100229
31.174813,7.270007
30.843294,7.871943
33.004933,7.979882
27.114020,7.095650
23.702268,8.505084
33.400822,0.682551
29.668060,6.607627
34.247488,5.530485
38.788638,10.136739
34.760317,11.645870
45.245598,32.675961
54.302949,66.767083
16.326954,2.184510
21.945940,11.292611
22.815241,3.511167
25.532866,15.026285
19.337098,8.322026
24.928036,12.462847
25.000115,14.774934
12.471935,4.233850
10.221189,0.153472
59.261820,1.838165
58.670140,4.584890
10.208683,3.011801
11.038728,4.823158
11.897060,11.883270
53.217927,9.883706
49.185144,4.802855
47.828786,6.374345
44.843701,2.393930
44.356793,11.608775
43.720985,11.434427
33.513735,18.538521
22.107853,4.350279
27.528657,7.107037
27.748043,5.481678
30.286719,19.128853
33.677121,12.429912
42.070867,3.673079
39.589585,9.730620
39.095207,8.219286
37.062973,10.487555
42.141274,9.697174
33.749513,9.562712
21.001610,9.550709
29.247850,8.781739
36.325183,4.619845
29.354966,2.333906
26.161437,6.510745
26.709006,5.978218
29.424271,8.234930
17.524481,3.561999
23.008959,9.050905
33.127889,32.798807
15.661037,7.890503
31.546648,0.135708
28.040932,11.555314
25.991598,13.141198
26.330771,9.909135
24.812653,0.721060
30.913682,1.904359
24.139522,1.264295
20.449687,2.141323
31.512345,2.805880
31.965227,16.261058
33.520210,0.623453
34.966354,1.841486
34.041203,5.873874
31.922095,6.389788
25.882856,0.602268
29.053108,2.429656
20.373611,6.289654
34.240669,0.399570
33.980629,4.264286
30.479662,0.633492
40.041306,0.056206
33.551854,31.393404
15.360449,3.030683
25.511381,14.786843
