32.980148,3.100229
38.217664,7.270007
37.627731,7.871943
40.192689,7.979882
32.957787,7.095650
28.728605,8.505084
40.991248,0.682551
36.519868,6.607627
42.424296,5.530485
48.454670,10.136739
43.333280,11.645870
56.028743,32.675961
67.004904,66.767083
21.546405,2.184510
28.985134,11.292611
28.685233,3.511167
35.463406,15.026285
28.759116,8.322026
36.914892,12.462847
37.070230,14.774934
18.729428,4.233850
15.066117,0.153472
72.140806,1.838165
71.337099,4.584890
14.624955,3.011801
15.279054,4.823158
16.957667,11.883270
64.805535,9.883706
60.047431,4.802855
58.480591,6.374345
54.891762,2.393930
54.477817,11.608775
53.784861,11.434427
41.273440,18.538521
29.066752,4.350279
36.203401,7.107037
35.962419,5.481678
44.235077,19.128853
48.438708,12.429912
59.539734,3.673079
55.252151,9.730620
53.674911,8.219286
50.619185,10.487555
56.864618,9.697174
45.598481,9.562712
28.782539,9.550709
40.186599,8.781739
50.573370,4.619845
41.071938,2.333906
38.086008,6.510745
38.852164,5.978218
43.985098,8.234930
26.104042,3.561999
34.234977,9.050905
41.228217,32.798807
23.254803,7.890503
38.233005,0.135708
33.967856,11.555314
31.498594,13.141198
31.930865,9.909135
30.110494,0.721060
37.498115,1.904359
29.292639,1.264295
24.825585,2.141323
38.289081,2.805880
46.017341,16.261058
43.180951,0.623453
46.122882,1.841486
46.907201,5.873874
43.061747,6.389788
33.576588,0.602268
36.699483,2.429656
26.918037,6.289654
42.864896,0.399570
43.628129,4.264286
41.959827,0.633492
50.796088,0.056206
44.662711,31.393404
23.029114,3.030683
32.944401,14.786843
