29.877037,3.100229
34.874780,7.270007
34.524176,7.871943
36.952318,7.979882
30.364422,7.095650
26.554685,8.505084
37.360296,0.682551
33.173874,6.607627
38.268748,5.530485
43.306907,10.136739
38.817112,11.645870
50.560047,32.675961
60.704023,66.767083
18.142287,2.184510
24.384421,11.292611
25.457300,3.511167
28.253420,15.026285
21.239398,8.322026
27.400720,12.462847
27.474083,14.774934
13.656515,4.233850
11.100675,0.153472
66.352794,1.838165
65.700664,4.584890
11.009558,3.011801
11.807722,4.823158
12.814779,11.883270
59.583035,9.883706
55.049994,4.802855
53.521906,6.374345
50.174817,2.393930
49.610813,11.608775
48.890754,11.434427
37.472022,18.538521
24.573416,4.350279
30.598113,7.107037
30.879199,5.481678
33.352921,19.128853
37.147798,12.429912
46.477655,3.673079
43.790007,9.730620
43.302653,8.219286
41.069355,10.487555
46.742464,9.697174
37.430619,9.562712
23.265215,9.550709
32.393430,8.781739
40.187571,4.619845
32.462469,2.333906
28.820778,6.510745
29.426639,5.978218
32.282284,8.234930
19.087817,3.561999
25.052991,9.050905
37.000353,32.798807
17.206698,7.890503
35.343581,0.135708
31.418291,11.555314
29.120209,13.141198
29.497213,9.909135
27.793708,0.721060
34.629916,1.904359
27.039840,1.264295
22.905276,2.141323
35.291934,2.805880
35.256341,16.261058
37.321742,0.623453
38.855614,1.841486
37.693345,5.873874
35.408391,6.389788
28.801280,0.602268
32.403584,2.429656
22.636731,6.289654
38.221333,0.399570
37.845141,4.264286
33.752348,0.633492
44.641810,0.056206
37.256179,31.393404
16.771501,3.030683
28.398757,14.786843
