36.286168,3.100229
42.134496,7.270007
41.540586,7.871943
44.392690,7.979882
36.418006,7.095650
31.764383,8.505084
45.177680,0.682551
40.212382,6.607627
46.616789,5.530485
53.084235,10.136739
47.509318,11.645870
61.572981,32.675961
73.722956,66.767083
23.051472,2.184510
30.997670,11.292611
31.349216,3.511167
36.937421,15.026285
28.612076,8.322026
36.865348,12.462847
36.979191,14.774934
18.408992,4.233850
14.689392,0.153472
79.686647,1.838165
78.821049,4.584890
14.277982,3.011801
14.945881,4.823158
16.560053,11.883270
71.578073,9.883706
66.278962,4.802855
64.522589,6.374345
60.543950,2.393930
60.028025,11.608775
59.234584,11.434427
45.439709,18.538521
31.152889,4.350279
38.796859,7.107037
38.801654,5.481678
44.646522,19.128853
49.400078,12.429912
61.338743,3.673079
57.391102,9.730620
56.267221,8.219286
53.214589,10.487555
60.162268,9.697174
48.211163,9.562712
30.201832,9.550709
42.109470,8.781739
52.604262,4.619845
42.599859,2.333906
38.528437,6.510745
39.325281,5.978218
43.535175,8.234930
25.460932,3.561999
33.387490,9.050905
45.229052,32.798807
23.169284,7.890503
42.273878,0.135708
37.561434,11.555314
34.828126,13.141198
35.301386,9.909135
33.284086,0.721060
41.454096,1.904359
32.380266,1.264295
27.439860,2.141323
42.312840,2.805880
46.903555,16.261058
46.716463,0.623453
49.355845,1.841486
49.074094,5.873874
45.566247,6.389788
36.212036,0.602268
40.033849,2.429656
28.782090,6.289654
46.922987,0.399570
47.269386,4.264286
43.921092,0.633492
55.315529,0.056206
47.580178,31.393404
22.504496,3.030683
35.603114,14.786843
