25.389384,3.100229
29.415844,7.270007
28.958563,7.871943
30.931529,7.979882
25.362915,7.095650
22.107497,8.505084
31.551549,0.682551
28.112255,6.607627
32.664150,5.530485
37.319554,10.136739
33.372183,11.645870
43.138217,32.675961
51.582857,66.767083
16.653518,2.184510
22.404556,11.292611
22.099756,3.511167
27.559111,15.026285
22.671099,8.322026
29.052454,12.462847
29.188414,14.774934
14.869469,4.233850
12.176688,0.153472
55.517830,1.838165
54.898266,4.584890
11.993986,3.011801
12.752899,4.823158
13.942857,11.883270
49.873078,9.883706
46.213600,4.802855
45.009221,6.374345
42.248195,2.393930
41.933207,11.608775
41.401738,11.434427
31.771915,18.538521
22.459129,4.350279
27.974038,7.107037
27.756742,5.481678
34.676195,19.128853
37.848089,12.429912
46.393131,3.673079
42.964775,9.730620
41.651518,8.219286
39.256527,10.487555
44.042800,9.697174
35.321536,9.562712
22.330484,9.550709
31.187531,8.781739
39.313621,4.619845
31.949178,2.333906
29.833204,6.510745
30.427870,5.978218
34.762951,8.234930
20.969280,3.561999
27.520845,9.050905
31.748823,32.798807
18.320130,7.890503
29.421381,0.135708
26.139100,11.555314
24.239044,13.141198
24.571869,9.909135
23.171225,0.721060
28.856142,1.904359
22.541843,1.264295
19.104373,2.141323
29.465482,2.805880
35.962200,16.261058
33.314265,0.623453
35.647611,1.841486
36.415767,5.873874
33.351143,6.389788
25.917036,0.602268
28.280770,2.429656
20.807389,6.289654
33.017444,0.399570
33.651897,4.264286
32.571197,0.633492
39.152651,0.056206
34.546712,31.393404
18.401577,3.030683
25.420936,14.786843
