24.618164,3.100229
28.517661,7.270007
28.071738,7.871943
29.983458,7.979882
24.584927,7.095650
21.428748,8.505084
30.588897,0.682551
27.256525,6.607627
31.675606,5.530485
36.200807,10.136739
32.369248,11.645870
41.832230,32.675961
50.015917,66.767083
16.206641,2.184510
21.804734,11.292611
21.442973,3.511167
26.950451,15.026285
22.408636,8.322026
28.686817,12.462847
28.829636,14.774934
14.750701,4.233850
12.125871,0.153472
53.815891,1.838165
53.214504,4.584890
11.949808,3.011801
12.710512,4.823158
13.892257,11.883270
48.344414,9.883706
44.798901,4.802855
43.632592,6.374345
40.956901,2.393930
40.654510,11.608775
40.140845,11.434427
30.805168,18.538521
21.850222,4.350279
27.216152,7.107037
26.976869,5.481678
34.147656,19.128853
37.179784,12.429912
45.471868,3.673079
42.039182,9.730620
40.680168,8.219286
38.320393,10.487555
42.942336,9.697174
34.443033,9.562712
21.805685,9.550709
30.462712,8.781739
38.455822,4.619845
31.270231,2.333906
29.362164,6.510745
29.943454,5.978218
34.410691,8.234930
20.868989,3.561999
27.391976,9.050905
30.792778,32.798807
18.100915,7.890503
28.518059,0.135708
25.336460,11.555314
23.494824,13.141198
23.817562,9.909135
22.460059,0.721060
27.970382,1.904359
21.849987,1.264295
18.518098,2.141323
28.561519,2.805880
35.331869,16.261058
32.365760,0.623453
34.689786,1.841486
35.580308,5.873874
32.516894,6.389788
25.190415,0.602268
27.446161,2.429656
20.250892,6.289654
32.030373,0.399570
32.687184,4.264286
31.820716,0.633492
38.005155,0.056206
33.643185,31.393404
18.294444,3.030683
24.700935,14.786843
