24.999065,3.100229
29.522737,7.270007
29.521950,7.871943
31.730962,7.979882
26.197140,7.095650
23.104223,8.505084
31.561561,0.682551
27.873539,6.607627
31.823303,5.530485
35.575660,10.136739
31.978915,11.645870
42.067169,32.675961
50.797530,66.767083
14.018717,2.184510
18.827403,11.292611
20.734332,3.511167
20.831200,15.026285
14.530221,8.322026
18.883076,12.462847
18.893915,14.774934
9.056785,4.233850
6.728759,0.153472
57.029337,1.838165
56.637319,4.584890
6.127350,3.011801
5.884271,4.823158
7.021315,11.883270
51.167989,9.883706
46.998492,4.802855
45.545711,6.374345
42.600575,2.393930
41.852593,11.608775
41.124021,11.434427
31.458884,18.538521
19.056905,4.350279
23.723015,7.107037
24.294706,5.481678
23.409933,19.128853
26.506238,12.429912
33.685393,3.673079
32.146332,9.730620
32.261656,8.219286
30.742323,10.487555
35.373963,9.697174
28.294260,9.562712
17.360938,9.550709
24.117026,8.781739
29.566655,4.619845
23.776261,2.333906
20.304003,6.510745
20.749243,5.978218
21.838078,8.234930
11.960345,3.561999
15.638046,9.050905
30.556136,32.798807
11.805128,7.890503
30.760373,0.135708
27.389210,11.555314
25.349298,13.141198
25.622000,9.909135
24.091592,0.721060
30.056271,1.904359
23.440532,1.264295
19.831678,2.141323
30.480657,2.805880
25.134066,16.261058
29.551262,0.623453
30.037677,1.841486
27.990453,5.873874
26.804086,6.389788
22.637884,0.602268
26.237398,2.429656
17.472035,6.289654
31.306913,0.399570
30.073911,4.264286
25.085274,0.633492
35.961237,0.056206
28.552139,31.393404
10.793762,3.030683
22.427725,14.786843
