32.684759,3.100229
38.786217,7.270007
38.975758,7.871943
41.987295,7.979882
34.759892,7.095650
30.825007,8.505084
41.426724,0.682551
36.502608,6.607627
41.513641,5.530485
46.230344,10.136739
41.591109,11.645870
54.887139,32.675961
66.416948,66.767083
18.065671,2.184510
24.262875,11.292611
26.883467,3.511167
27.038242,15.026285
19.727045,8.322026
25.474177,12.462847
25.534370,14.774934
12.672688,4.233850
10.361598,0.153472
75.501738,1.838165
75.112751,4.584890
10.336605,3.011801
11.165953,4.823158
12.043750,11.883270
67.709893,9.883706
61.997426,4.802855
59.983674,6.374345
56.043923,2.393930
54.901410,11.608775
53.879088,11.434427
41.184179,18.538521
24.557756,4.350279
30.570736,7.107037
31.325719,5.481678
31.137074,19.128853
34.891582,12.429912
43.999326,3.673079
41.783030,9.730620
41.757629,8.219286
39.750389,10.487555
45.655534,9.697174
36.523860,9.562712
22.462834,9.550709
31.220849,8.781739
38.402343,4.619845
30.928200,2.333906
26.937575,6.510745
27.512039,5.978218
29.958687,8.234930
17.774411,3.561999
23.335615,9.050905
39.770003,32.798807
15.986822,7.890503
41.048376,0.135708
36.593237,11.555314
33.832542,13.141198
34.144947,9.909135
32.060320,0.721060
40.032478,1.904359
31.196003,1.264295
26.371835,2.141323
40.469639,2.805880
33.102078,16.261058
38.125982,0.623453
38.708767,1.841486
36.258255,5.873874
34.593495,6.389788
29.187300,0.602268
33.972950,2.429656
22.516371,6.289654
40.650410,0.399570
38.816595,4.264286
32.487979,0.633492
46.515211,0.056206
36.806134,31.393404
15.587920,3.030683
28.927816,14.786843
