29.756410,3.100229
35.098081,7.270007
35.067521,7.871943
37.680485,7.979882
31.100206,7.095650
27.417778,8.505084
37.529341,0.682551
33.162424,6.607627
37.907880,5.530485
42.450258,10.136739
38.142142,11.645870
50.106908,32.675961
60.463719,66.767083
16.958127,2.184510
22.780540,11.292611
24.775189,3.511167
25.667292,15.026285
18.888619,8.322026
24.380247,12.462847
24.441208,14.774934
12.153601,4.233850
9.976272,0.153472
67.718283,1.838165
67.240688,4.584890
9.985653,3.011801
10.825849,4.823158
11.641509,11.883270
60.761622,9.883706
55.833701,4.802855
54.121922,6.374345
50.632069,2.393930
49.773064,11.608775
48.921434,11.434427
37.431445,18.538521
23.027676,4.350279
28.668210,7.107037
29.241307,5.481678
29.757749,19.128853
33.288822,12.429912
41.889897,3.673079
39.696067,9.730620
39.557943,8.219286
37.618098,10.487555
43.096290,9.697174
34.486198,9.562712
21.272316,9.550709
29.580585,8.781739
36.469734,4.619845
29.395260,2.333906
25.735399,6.510745
26.281966,5.978218
28.703461,8.234930
17.089492,3.561999
22.440092,9.050905
36.432434,32.798807
15.304689,7.890503
36.502936,0.135708
32.500638,11.555314
30.081464,13.141198
30.407540,9.909135
28.593852,0.721060
35.671196,1.904359
27.820994,1.264295
23.539086,2.141323
36.183346,2.805880
31.584871,16.261058
35.512690,0.623453
36.330888,1.841486
34.371675,5.873874
32.652074,6.389788
27.253877,0.602268
31.383259,2.429656
21.142819,6.289654
37.373484,0.399570
36.110590,4.264286
30.792207,0.633492
43.056012,0.056206
34.629858,31.393404
14.969773,3.030683
26.968902,14.786843
