24.032310,3.100229
28.367704,7.270007
28.365091,7.871943
30.489739,7.979882
25.176319,7.095650
22.215023,8.505084
30.328374,0.682551
26.789851,6.607627
30.605347,5.530485
34.253636,10.136739
30.780972,11.645870
40.455502,32.675961
48.832852,66.767083
13.675873,2.184510
18.371683,11.292611
19.985354,3.511167
20.749907,15.026285
15.439912,8.322026
19.899165,12.462847
19.957310,14.774934
10.003351,4.233850
8.378672,0.153472
54.799829,1.838165
54.428536,4.584890
8.530849,3.011801
9.429041,4.823158
9.974459,11.883270
49.166542,9.883706
45.156262,4.802855
43.760526,6.374345
40.931722,2.393930
40.219044,11.608775
39.523288,11.434427
30.236972,18.538521
18.569285,4.350279
23.117865,7.107037
23.576299,5.481678
24.206343,19.128853
27.009844,12.429912
33.921713,3.673079
32.103303,9.730620
31.953761,8.219286
30.377394,10.487555
34.780205,9.697174
27.833117,9.562712
17.181294,9.550709
23.895510,8.781739
29.488266,4.619845
23.777835,2.333906
20.921500,6.510745
21.362757,5.978218
23.519371,8.234930
14.249765,3.561999
18.727173,9.050905
29.404323,32.798807
12.502944,7.890503
29.577213,0.135708
26.339332,11.555314
24.374673,13.141198
24.632887,9.909135
23.158370,0.721060
28.894393,1.904359
22.532671,1.264295
19.062198,2.141323
29.294288,2.805880
25.630528,16.261058
28.632772,0.623453
29.298732,1.841486
27.770967,5.873874
26.351005,6.389788
21.973973,0.602268
25.311652,2.429656
17.051058,6.289654
30.153788,0.399570
29.115409,4.264286
24.877346,0.633492
34.721993,0.056206
27.933497,31.393404
12.407033,3.030683
21.744053,14.786843
