35.155692,3.100229
41.648398,7.270007
41.782805,7.871943
44.977289,7.979882
37.201506,7.095650
32.930670,8.505084
44.497743,0.682551
39.239568,6.607627
44.688106,5.530485
49.837610,10.136739
44.821892,11.645870
59.080201,32.675961
71.437133,66.767083
19.570108,2.184510
26.284396,11.292611
29.007502,3.511167
29.326226,15.026285
21.341035,8.322026
27.571221,12.462847
27.632768,14.774934
13.678985,4.233850
11.109238,0.153472
80.864542,1.838165
80.401881,4.584890
11.017391,3.011801
11.818621,4.823158
12.823824,11.883270
72.530584,9.883706
66.480908,4.802855
64.356564,6.374345
60.151711,2.393930
58.983522,11.608775
57.909964,11.434427
44.277324,18.538521
26.597896,4.350279
33.110856,7.107037
33.898849,5.481678
33.734015,19.128853
37.826201,12.429912
47.717406,3.673079
45.318802,9.730620
45.287361,8.219286
43.107231,10.487555
49.498179,9.697174
39.599236,9.562712
24.361040,9.550709
33.860228,8.781739
41.652100,4.619845
33.545177,2.333906
29.189179,6.510745
29.812809,5.978218
32.384864,8.234930
19.103338,3.561999
25.073176,9.050905
42.847284,32.798807
17.298018,7.890503
43.849330,0.135708
39.074920,11.555314
36.139364,13.141198
36.491139,9.909135
34.279109,0.721060
42.790855,1.904359
33.354240,1.264295
28.203802,2.141323
43.303104,2.805880
35.885162,16.261058
41.239336,0.623453
41.931336,1.841486
39.324649,5.873874
37.504780,6.389788
31.586810,0.602268
36.678285,2.429656
24.392783,6.289654
43.836214,0.399570
41.975051,4.264286
35.235202,0.633492
50.243231,0.056206
39.886161,31.393404
16.787228,3.030683
31.295874,14.786843
