23.750847,3.100229
27.823500,7.270007
27.623776,7.871943
29.600490,7.979882
24.353534,7.095650
21.342512,8.505084
29.788048,0.682551
26.406299,6.607627
30.361000,5.530485
34.215809,10.136739
30.699097,11.645870
40.119591,32.675961
48.258236,66.767083
13.983169,2.184510
18.787487,11.292611
20.051795,3.511167
21.248579,15.026285
15.115296,8.322026
19.626127,12.462847
19.642768,14.774934
9.439460,4.233850
7.016310,0.153472
53.164647,1.838165
52.683482,4.584890
6.389197,3.011801
6.134822,4.823158
7.321352,11.883270
47.729734,9.883706
44.027377,4.802855
42.765749,6.374345
40.064950,2.393930
39.539017,11.608775
38.930033,11.434427
29.819907,18.538521
18.971522,4.350279
23.620023,7.107037
23.991991,5.481678
24.254032,19.128853
27.349385,12.429912
34.584910,3.673079
32.847813,9.730620
32.762070,8.219286
31.153123,10.487555
35.662182,9.697174
28.540738,9.562712
17.617698,9.550709
24.498709,8.781739
30.185382,4.619845
24.316865,2.333906
21.018850,6.510745
21.475348,5.978218
22.739772,8.234930
12.471376,3.561999
16.306249,9.050905
29.286622,32.798807
12.276546,7.890503
28.408339,0.135708
25.263006,11.555314
23.407287,13.141198
23.698109,9.909135
22.318056,0.721060
27.816323,1.904359
21.713254,1.264295
18.387491,2.141323
28.313311,2.805880
25.940161,16.261058
29.075529,0.623453
29.954248,1.841486
28.465503,5.873874
27.018766,6.389788
22.368229,0.602268
25.467787,2.429656
17.438167,6.289654
30.166906,0.399570
29.527057,4.264286
25.501601,0.633492
35.018089,0.056206
28.603465,31.393404
11.254331,3.030683
22.100096,14.786843
