31.994951,3.100229
37.081187,7.270007
36.511907,7.871943
39.001846,7.979882
31.982089,7.095650
27.878976,8.505084
39.771442,0.682551
35.430892,6.607627
41.153114,5.530485
46.992009,10.136739
42.027706,11.645870
54.350400,32.675961
65.003386,66.767083
20.851295,2.184510
28.048968,11.292611
27.813834,3.511167
34.225510,15.026285
27.622288,8.322026
35.468854,12.462847
35.614155,14.774934
17.970687,4.233850
14.471203,0.153472
70.003759,1.838165
69.224934,4.584890
14.082142,3.011801
14.757855,4.823158
16.335654,11.883270
62.885483,9.883706
58.266096,4.802855
56.744282,6.374345
53.260951,2.393930
52.855881,11.608775
52.181767,11.434427
40.042297,18.538521
28.133930,4.350279
35.041120,7.107037
34.830422,5.481678
42.548631,19.128853
46.643295,12.429912
57.394714,3.673079
53.308074,9.730620
51.836300,8.219286
48.899643,10.487555
54.968862,9.697174
44.075371,9.562712
27.799404,9.550709
38.808296,8.781739
48.801084,4.619845
39.620693,2.333906
36.642820,6.510745
37.382130,5.978218
42.226166,8.234930
25.053043,3.561999
32.859236,9.050905
39.987963,32.798807
22.338686,7.890503
37.102321,0.135708
32.963447,11.555314
30.567087,13.141198
30.986380,9.909135
29.219648,0.721060
36.388862,1.904359
28.426000,1.264295
24.090996,2.141323
37.155731,2.805880
44.308953,16.261058
41.832207,0.623453
44.635895,1.841486
45.290931,5.873874
41.626830,6.389788
32.518396,0.602268
35.579146,2.429656
26.048195,6.289654
41.568326,0.399570
42.271050,4.264286
40.516237,0.633492
49.238149,0.056206
43.203765,31.393404
22.093382,3.030683
31.912209,14.786843
