33.736265,3.100229
39.885065,7.270007
39.936134,7.871943
42.952254,7.979882
35.490270,7.095650
31.353494,8.505084
42.629848,0.682551
37.628484,6.607627
42.927389,5.530485
47.964250,10.136739
43.118604,11.645870
56.747494,32.675961
68.551797,66.767083
18.976393,2.184510
25.488958,11.292611
27.951564,3.511167
28.547639,15.026285
20.841997,8.322026
26.921099,12.462847
26.982785,14.774934
13.369198,4.233850
10.879195,0.153472
77.208740,1.838165
76.717409,4.584890
10.807886,3.011801
11.616296,4.823158
12.583723,11.883270
69.263851,9.883706
63.563048,4.802855
61.571100,6.374345
57.573197,2.393930
56.521660,11.608775
55.521789,11.434427
42.465481,18.538521
25.781552,4.350279
32.095458,7.107037
32.807567,5.481678
32.919483,19.128853
36.888660,12.429912
46.498763,3.673079
44.128080,9.730620
44.052759,8.219286
41.917133,10.487555
48.088924,9.697174
38.475566,9.562712
23.694102,9.550709
32.938853,8.781739
40.551996,4.619845
32.668485,2.333906
28.480541,6.510745
29.088060,5.978218
31.636613,8.234930
18.694437,3.561999
24.538542,9.050905
41.203858,32.798807
16.892226,7.890503
41.746060,0.135708
37.185016,11.555314
34.404103,13.141198
34.757650,9.909135
32.667212,0.721060
40.766039,1.904359
31.785064,1.264295
26.884785,2.141323
41.301384,2.805880
34.997120,16.261058
39.882490,0.623453
40.657392,1.841486
38.261742,5.873874
36.436112,6.389788
30.573292,0.602268
35.371664,2.429656
23.655390,6.289654
42.206410,0.399570
40.576625,4.264286
34.280732,0.633492
48.486516,0.056206
38.706946,31.393404
16.418199,3.030683
30.275341,14.786843
