29.206841,3.100229
34.949226,7.270007
35.394833,7.871943
38.261692,7.979882
31.805175,7.095650
28.430826,8.505084
37.271676,0.682551
32.713650,6.607627
36.940453,5.530485
40.810311,10.136739
36.782601,11.645870
48.858447,32.675961
59.353331,66.767083
15.371687,2.184510
20.635323,11.292611
23.603956,3.511167
22.363513,15.026285
15.408903,8.322026
20.031500,12.462847
20.040893,14.774934
9.599292,4.233850
7.131336,0.153472
68.855716,1.838165
68.677985,4.584890
6.494268,3.011801
6.245916,4.823158
7.442111,11.883270
61.705974,9.883706
56.229177,4.802855
54.264322,6.374345
50.612031,2.393930
49.344959,11.608775
48.323812,11.434427
36.887694,18.538521
20.940006,4.350279
26.063253,7.107037
26.937666,5.481678
24.869178,19.128853
28.223151,12.429912
35.984778,3.673079
34.462947,9.730620
34.764297,8.219286
33.189056,10.487555
38.372171,9.697174
30.676086,9.562712
18.719300,9.550709
25.980871,8.781739
31.719314,4.619845
25.471963,2.333906
21.578767,6.510745
22.054364,5.978218
23.151440,8.234930
12.675925,3.561999
16.573659,9.050905
35.227318,32.798807
12.520440,7.890503
37.871724,0.135708
33.818942,11.555314
31.220935,13.141198
31.440986,9.909135
29.461483,0.721060
36.833396,1.904359
28.670015,1.264295
24.208074,2.141323
37.064776,2.805880
26.757979,16.261058
32.908799,0.623453
32.945181,1.841486
30.124516,5.873874
29.079754,6.389788
25.084472,0.602268
29.720627,2.429656
19.146106,6.289654
35.818366,0.399570
33.576523,4.264286
27.006339,0.633492
40.565535,0.056206
31.166368,31.393404
11.439596,3.030683
24.931046,14.786843
