24.333564,3.100229
28.637256,7.270007
28.546267,7.871943
30.640565,7.979882
25.257251,7.095650
22.210267,8.505084
30.634173,0.682551
27.098401,6.607627
31.031116,5.530485
34.807384,10.136739
31.263996,11.645870
41.013691,32.675961
49.443960,66.767083
13.917784,2.184510
18.694861,11.292611
20.332686,3.511167
20.856204,15.026285
14.645261,8.322026
19.027583,12.462847
19.040075,14.774934
9.133273,4.233850
6.786270,0.153472
55.053000,1.838165
54.620378,4.584890
6.179716,3.011801
5.934018,4.823158
7.081313,11.883270
49.408384,9.883706
45.468481,4.802855
44.108225,6.374345
41.285247,2.393930
40.639826,11.608775
39.967497,11.434427
30.591519,18.538521
18.905387,4.350279
23.535674,7.107037
24.025697,5.481678
23.565533,19.128853
26.645937,12.429912
33.804708,3.673079
32.205328,9.730620
32.247738,8.219286
30.704928,10.487555
35.262651,9.697174
28.211173,9.562712
17.348883,9.550709
24.109386,8.781739
29.611526,4.619845
23.827589,2.333906
20.433484,6.510745
20.880151,5.978218
22.017155,8.234930
12.062558,3.561999
15.771694,9.050905
29.853194,32.798807
11.897471,7.890503
29.566998,0.135708
26.310995,11.555314
24.364034,13.141198
24.645085,9.909135
23.190095,0.721060
28.918446,1.904359
22.562597,1.264295
19.097124,2.141323
29.376552,2.805880
25.268717,16.261058
29.181355,0.623453
29.818613,1.841486
27.993215,5.873874
26.718355,6.389788
22.392125,0.602268
25.768133,2.429656
17.350255,6.289654
30.654695,0.399570
29.672382,4.264286
25.084339,0.633492
35.363942,0.056206
28.393939,31.393404
10.885901,3.030683
22.160295,14.786843
