34.957670,3.100229
40.868543,7.270007
40.509456,7.871943
43.380751,7.979882
35.666742,7.095650
31.221404,8.505084
43.769434,0.682551
38.836955,6.607627
44.738446,5.530485
50.541341,10.136739
45.320032,11.645870
59.112129,32.675961
71.027694,66.767083
20.978610,2.184510
28.193196,11.292611
29.673249,3.511167
32.429719,15.026285
24.105074,8.322026
31.129435,12.462847
31.203569,14.774934
15.436685,4.233850
12.421416,0.153472
77.904475,1.838165
77.166092,4.584890
12.212246,3.011801
12.962571,4.823158
14.192935,11.883270
69.949100,9.883706
64.580893,4.802855
62.762590,6.374345
58.820579,2.393930
58.110928,11.608775
57.245176,11.434427
43.863965,18.538521
28.431194,4.350279
35.400292,7.107037
35.806660,5.481678
37.992496,19.128853
42.420901,12.429912
53.203996,3.673079
50.228384,9.730620
49.785518,8.219286
47.253099,10.487555
53.873528,9.697174
43.133207,9.562712
26.755028,9.550709
37.238926,8.781739
46.112275,4.619845
37.221932,2.333906
32.848104,6.510745
33.543102,5.978218
36.582519,8.234930
21.435540,3.561999
28.122581,9.050905
43.213736,32.798807
19.535997,7.890503
41.556214,0.135708
36.947465,11.555314
34.239678,13.141198
34.674783,9.909135
32.664621,0.721060
40.704803,1.904359
31.779000,1.264295
26.916013,2.141323
41.459816,2.805880
40.255406,16.261058
43.319492,0.623453
44.933383,1.841486
43.313911,5.873874
40.812141,6.389788
33.392181,0.602268
37.737411,2.429656
26.171127,6.289654
44.587635,0.399570
43.951097,4.264286
38.790484,0.633492
51.950533,0.056206
43.025223,31.393404
18.890731,3.030683
32.949476,14.786843
