18.963353,3.100229
22.045404,7.270007
21.752499,7.871943
23.252731,7.979882
19.081164,7.095650
16.649981,8.505084
23.633162,0.682551
21.024545,6.607627
24.344795,5.530485
27.677727,10.136739
24.780952,11.645870
32.157497,32.675961
38.528406,66.767083
11.872041,2.184510
15.961229,11.292611
16.324224,3.511167
18.738769,15.026285
13.959805,8.322026
18.072308,12.462847
18.103755,14.774934
8.788203,4.233850
6.556068,0.153472
41.742058,1.838165
41.296205,4.584890
5.970233,3.011801
5.732408,4.823158
6.841263,11.883270
37.492530,9.883706
34.702493,4.802855
33.774296,6.374345
31.685707,2.393930
31.397488,11.608775
30.973507,11.434427
23.755548,18.538521
16.059522,4.350279
19.998726,7.107037
20.071825,5.481678
22.129508,19.128853
24.701484,12.429912
30.897759,3.673079
29.065471,9.730620
28.655531,8.219286
27.145474,10.487555
30.799781,9.697174
24.672517,9.562712
15.389742,9.550709
21.439960,8.781739
26.664409,4.619845
21.554582,2.333906
19.136593,6.510745
19.541906,5.978218
21.079507,8.234930
11.651242,3.561999
15.234557,9.050905
23.599296,32.798807
11.325548,7.890503
22.159044,0.135708
19.690224,11.555314
18.256305,13.141198
18.502611,9.909135
17.443523,0.721060
21.726633,1.904359
16.969935,1.264295
14.379852,2.141323
22.171086,2.805880
23.442584,16.261058
24.199772,0.623453
25.422424,1.841486
24.962696,5.873874
23.329481,6.389788
18.728126,0.602268
20.826497,2.429656
14.819045,6.289654
24.454981,0.399570
24.504597,4.264286
22.348414,0.633492
28.750648,0.056206
24.449889,31.393404
10.507013,3.030683
18.432625,14.786843
