26.561924,3.100229
30.773017,7.270007
30.293882,7.871943
32.357579,7.979882
26.532054,7.095650
23.126384,8.505084
33.007471,0.682551
29.410037,6.607627
34.173670,5.530485
39.047127,10.136739
34.916347,11.645870
45.131653,32.675961
53.965051,66.767083
17.437481,2.184510
23.459570,11.292611
23.124306,3.511167
28.884669,15.026285
23.793681,8.322026
30.489465,12.462847
30.632687,14.774934
15.603619,4.233850
12.743292,0.153472
58.077310,1.838165
57.428938,4.584890
12.510740,3.011801
13.249077,4.823158
14.535011,11.883270
52.172393,9.883706
48.344731,4.802855
47.085164,6.374345
44.197049,2.393930
43.868383,11.608775
43.312841,11.434427
33.238751,18.538521
23.514920,4.350279
29.289209,7.107037
29.054987,5.481678
36.382620,19.128853
39.698063,12.429912
48.643906,3.673079
45.035858,9.730620
43.644519,8.219286
41.130619,10.487555
46.134578,9.697174
36.999992,9.562712
23.398149,9.550709
32.680353,8.781739
41.206603,4.619845
33.491045,2.333906
31.299282,6.510745
31.922656,5.978218
36.484938,8.234930
21.971943,3.561999
28.832892,9.050905
33.217357,32.798807
19.226954,7.890503
30.777342,0.135708
27.343759,11.555314
25.356160,13.141198
25.704365,9.909135
24.239211,0.721060
30.186117,1.904359
23.580818,1.264295
19.984935,2.141323
30.823694,2.805880
37.720706,16.261058
34.869364,0.623453
37.325422,1.841486
38.161072,5.873874
34.934925,6.389788
27.129617,0.602268
29.593416,2.429656
21.787326,6.289654
34.546593,0.399570
35.221109,4.264286
34.131584,0.633492
40.971981,0.056206
36.178434,31.393404
19.297801,3.030683
26.608512,14.786843
