28.083757,3.100229
33.012369,7.270007
32.873440,7.871943
35.269705,7.979882
29.058529,7.095650
25.529600,8.505084
35.321734,0.682551
31.261845,6.607627
35.835063,5.530485
40.242580,10.136739
36.136180,11.645870
47.360574,32.675961
57.063568,66.767083
16.175241,2.184510
21.728448,11.292611
23.526229,3.511167
24.316387,15.026285
17.122142,8.322026
22.242942,12.462847
22.258381,14.774934
10.680670,4.233850
7.936485,0.153472
63.364214,1.838165
62.846383,4.584890
7.227125,3.011801
6.939647,4.823158
8.281533,11.883270
56.872472,9.883706
52.369510,4.802855
50.819836,6.374345
47.578371,2.393930
46.864955,11.608775
46.103183,11.434427
35.294549,18.538521
21.965709,4.350279
27.346073,7.107037
27.882789,5.481678
27.535626,19.128853
31.117081,12.429912
39.449495,3.673079
37.557714,9.730620
37.574134,8.219286
35.765731,10.487555
41.044522,9.697174
32.839455,9.562712
20.212377,9.550709
28.092800,8.781739
34.528545,4.619845
27.791156,2.333906
23.873185,6.510745
24.394341,5.978218
25.744241,8.234930
14.107049,3.561999
18.444852,9.050905
34.497627,32.798807
13.909024,7.890503
33.984669,0.135708
30.236670,11.555314
28.003675,13.141198
28.333445,9.909135
26.666816,0.721060
33.249267,1.904359
25.944953,1.264295
21.962930,2.141323
33.793957,2.805880
29.509820,16.261058
33.848259,0.623453
34.653976,1.841486
32.623545,5.873874
31.098644,6.389788
25.989026,0.602268
29.831231,2.429656
20.166180,6.289654
35.451021,0.399570
34.407365,4.264286
29.231983,0.633492
40.958859,0.056206
33.019834,31.393404
12.730879,3.030683
25.709905,14.786843
