19.296043,3.100229
22.432166,7.270007
22.134121,7.871943
23.660674,7.979882
19.415921,7.095650
16.942086,8.505084
24.047779,0.682551
21.393397,6.607627
24.771897,5.530485
28.163302,10.136739
25.215705,11.645870
32.721664,32.675961
39.204343,66.767083
12.080322,2.184510
16.241251,11.292611
16.610614,3.511167
19.067520,15.026285
14.204714,8.322026
18.389366,12.462847
18.421365,14.774934
8.942382,4.233850
6.671087,0.153472
42.474374,1.838165
42.020700,4.584890
6.074974,3.011801
5.832976,4.823158
6.961285,11.883270
38.150294,9.883706
35.311309,4.802855
34.366828,6.374345
32.241596,2.393930
31.948321,11.608775
31.516902,11.434427
24.172312,18.538521
16.341268,4.350279
20.349580,7.107037
20.423962,5.481678
22.517745,19.128853
25.134844,12.429912
31.439825,3.673079
29.575392,9.730620
29.158260,8.219286
27.621711,10.487555
31.340128,9.697174
25.105368,9.562712
15.659737,9.550709
21.816099,8.781739
27.132206,4.619845
21.932733,2.333906
19.472323,6.510745
19.884747,5.978218
21.449323,8.234930
11.855650,3.561999
15.501830,9.050905
24.013318,32.798807
11.524241,7.890503
22.547799,0.135708
20.035666,11.555314
18.576591,13.141198
18.827218,9.909135
17.749550,0.721060
22.107802,1.904359
17.267654,1.264295
14.632130,2.141323
22.560052,2.805880
23.853858,16.261058
24.624329,0.623453
25.868431,1.841486
25.400638,5.873874
23.738770,6.389788
19.056690,0.602268
21.191874,2.429656
15.079029,6.289654
24.884016,0.399570
24.934502,4.264286
22.740492,0.633492
29.255045,0.056206
24.878834,31.393404
10.691346,3.030683
18.756005,14.786843
