25.130286,3.100229
29.218037,7.270007
28.833775,7.871943
30.824311,7.979882
25.296204,7.095650
22.075933,8.505084
31.321613,0.682551
27.862761,6.607627
32.260650,5.530485
36.677462,10.136739
32.838402,11.645870
42.613791,32.675961
51.057980,66.767083
15.775193,2.184510
21.210437,11.292611
21.633883,3.511167
25.100360,15.026285
19.411608,8.322026
24.991312,12.462847
25.073510,14.774934
12.563130,4.233850
10.304463,0.153472
55.334916,1.838165
54.746356,4.584890
10.284603,3.011801
11.111584,4.823158
11.984057,11.883270
49.700947,9.883706
45.998426,4.802855
44.766054,6.374345
41.996459,2.393930
41.611213,11.608775
41.048046,11.434427
31.481781,18.538521
21.332036,4.350279
26.565145,7.107037
26.632541,5.481678
30.238544,19.128853
33.468996,12.429912
41.603683,3.673079
38.978754,9.730620
38.288818,8.219286
36.235950,10.487555
41.034480,9.697174
32.877206,9.562712
20.556431,9.550709
28.651912,8.781739
35.737064,4.619845
28.925185,2.333906
26.094484,6.510745
26.634293,5.978218
29.585609,8.234930
17.671162,3.561999
23.201154,9.050905
31.272401,32.798807
15.713706,7.890503
29.380436,0.135708
26.107669,11.555314
24.205910,13.141198
24.531711,9.909135
23.126795,0.721060
28.805943,1.904359
22.498942,1.264295
19.064623,2.141323
29.393037,2.805880
31.776242,16.261058
32.098339,0.623453
33.779002,1.841486
33.378878,5.873874
31.080431,6.389788
24.851142,0.602268
27.603180,2.429656
19.693306,6.289654
32.407395,0.399570
32.497105,4.264286
29.877416,0.633492
38.110121,0.056206
32.517647,31.393404
15.488090,3.030683
24.452187,14.786843
