33.264837,3.100229
38.887477,7.270007
38.544333,7.871943
41.275761,7.979882
33.935568,7.095650
29.705317,8.505084
41.648105,0.682551
36.955553,6.607627
42.573279,5.530485
48.098592,10.136739
43.128915,11.645870
56.251176,32.675961
67.588132,66.767083
19.974892,2.184510
26.844532,11.292611
28.240599,3.511167
30.898787,15.026285
23.011851,8.322026
29.710256,12.462847
29.783097,14.774934
14.753633,4.233850
11.913628,0.153472
74.124053,1.838165
73.420824,4.584890
11.749844,3.011801
12.518581,4.823158
13.663071,11.883270
66.554901,9.883706
61.448405,4.802855
59.719010,6.374345
55.968646,2.393930
55.294848,11.608775
54.471747,11.434427
41.739193,18.538521
27.069831,4.350279
33.705323,7.107037
34.087189,5.481678
36.239879,19.128853
40.446243,12.429912
50.709271,3.673079
47.861009,9.730620
47.426880,8.219286
45.011104,10.487555
51.309252,9.697174
41.080805,9.562712
25.486833,9.550709
35.475097,8.781739
43.937123,4.619845
35.469110,2.333906
31.329521,6.510745
31.991603,5.978218
34.937453,8.234930
20.532959,3.561999
26.942461,9.050905
41.123889,32.798807
18.648156,7.890503
39.538248,0.135708
35.153160,11.555314
32.576986,13.141198
32.991139,9.909135
31.078753,0.721060
38.728451,1.904359
30.236120,1.264295
25.609319,2.141323
39.447339,2.805880
38.382402,16.261058
41.236863,0.623453
42.783337,1.841486
41.264087,5.873874
38.869411,6.389788
31.788947,0.602268
35.916840,2.429656
24.919288,6.289654
42.433383,0.399570
41.836802,4.264286
36.954210,0.633492
49.446097,0.056206
40.970627,31.393404
18.076248,3.030683
31.366121,14.786843
