28.519091,3.100229
33.036747,7.270007
32.520284,7.871943
34.734991,7.979882
28.480969,7.095650
24.824644,8.505084
35.436165,0.682551
31.575622,6.607627
36.694616,5.530485
41.936120,10.136739
37.497702,11.645870
48.460587,32.675961
57.941306,66.767083
18.768860,2.184510
25.251814,11.292611
24.839768,3.511167
31.188639,15.026285
25.841734,8.322026
33.099427,12.462847
33.259277,14.774934
16.964336,4.233850
13.810854,0.153472
62.344205,1.838165
61.647547,4.584890
13.485417,3.011801
14.184960,4.823158
15.651913,11.883270
56.005642,9.883706
51.898186,4.802855
50.546997,6.374345
47.447250,2.393930
47.096788,11.608775
46.501640,11.434427
35.686566,18.538521
25.305477,4.350279
31.519873,7.107037
31.246041,5.481678
39.445029,19.128853
42.981467,12.429912
52.597752,3.673079
48.645015,9.730620
47.087979,8.219286
44.360368,10.487555
49.719456,9.697174
39.878139,9.562712
25.241217,9.550709
35.260619,8.781739
44.501029,4.619845
36.181723,2.333906
33.923803,6.510745
34.596969,5.978218
39.646668,8.234930
23.856444,3.561999
31.299923,9.050905
35.671591,32.798807
20.878522,7.890503
33.037426,0.135708
29.351630,11.555314
27.218140,13.141198
27.592019,9.909135
26.019383,0.721060
32.402949,1.904359
25.312630,1.264295
21.452722,2.141323
33.087748,2.805880
40.843647,16.261058
37.489065,0.623453
40.174299,1.841486
41.182103,5.873874
37.648830,6.389788
29.176703,0.602268
31.793456,2.429656
23.452252,6.289654
37.104766,0.399570
37.862035,4.264286
36.831238,0.633492
44.024253,0.056206
38.958858,31.393404
20.974700,3.030683
28.610553,14.786843
