28.298530,3.100229
32.794324,7.270007
32.289182,7.871943
34.490594,7.979882
28.282378,7.095650
24.653458,8.505084
35.174026,0.682551
31.336439,6.607627
36.400769,5.530485
41.571416,10.136739
37.178351,11.645870
48.073774,32.675961
57.493411,66.767083
18.473006,2.184510
24.850408,11.292611
24.608591,3.511167
30.387701,15.026285
24.667515,8.322026
31.653108,12.462847
31.788946,14.774934
16.096514,4.233850
13.066895,0.153472
61.906394,1.838165
61.217085,4.584890
12.803306,3.011801
13.529964,4.823158
14.870242,11.883270
55.611651,9.883706
51.527786,4.802855
50.182746,6.374345
47.102773,2.393930
46.746392,11.608775
46.151171,11.434427
35.415172,18.538521
24.921853,4.350279
31.040715,7.107037
30.839987,5.481678
37.909846,19.128853
41.503472,12.429912
51.013366,3.673079
47.342600,9.730620
45.997293,8.219286
43.380941,10.487555
48.739865,9.697174
39.082844,9.562712
24.665937,9.550709
34.438080,8.781739
43.334303,4.619845
35.191803,2.333906
32.637834,6.510745
33.293912,5.978218
37.749707,8.234930
22.558000,3.561999
29.596648,9.050905
35.372900,32.798807
19.943742,7.890503
32.809671,0.135708
29.149582,11.555314
27.030539,13.141198
27.401423,9.909135
25.839202,0.721060
32.178917,1.904359
25.137366,1.264295
21.303942,2.141323
32.857434,2.805880
39.429039,16.261058
37.033226,0.623453
39.544113,1.841486
40.196253,5.873874
36.909267,6.389788
28.793638,0.602268
31.482182,2.429656
23.078076,6.289654
36.774854,0.399570
37.418339,4.264286
35.957005,0.633492
43.572556,0.056206
38.287731,31.393404
19.845496,3.030683
28.253175,14.786843
