24.554982,3.100229
28.608126,7.270007
28.277358,7.871943
30.248069,7.979882
24.839425,7.095650
21.699792,8.505084
30.657030,0.682551
27.245633,6.607627
31.485170,5.530485
35.708105,10.136739
31.989396,11.645870
41.593790,32.675961
49.889946,66.767083
15.143935,2.184510
20.357845,11.292611
21.023954,3.511167
23.829537,15.026285
18.209343,8.322026
23.456741,12.462847
23.529682,14.774934
11.776656,4.233850
9.707195,0.153472
54.307504,1.838165
53.751905,4.584890
9.740640,3.011801
10.589308,4.823158
11.360732,11.883270
48.772365,9.883706
45.099789,4.802855
43.869170,6.374345
41.139979,2.393930
40.718560,11.608775
40.146699,11.434427
30.779898,18.538521
20.496334,4.350279
25.522847,7.107037
25.677864,5.481678
28.441541,19.128853
31.562887,12.429912
39.351955,3.673079
36.969565,9.730620
36.437014,8.219286
34.521451,10.487555
39.194778,9.697174
31.394544,9.562712
19.569519,9.550709
27.261738,8.781739
33.911441,4.619845
27.420472,2.333906
24.556926,6.510745
25.068278,5.978218
27.737755,8.234930
16.610667,3.561999
21.814216,9.050905
30.478882,32.798807
14.743450,7.890503
28.880816,0.135708
25.668347,11.555314
23.794836,13.141198
24.109149,9.909135
22.722724,0.721060
28.307079,1.904359
22.106116,1.264295
18.728891,2.141323
28.866302,2.805880
29.961786,16.261058
30.994451,0.623453
32.430855,1.841486
31.740409,5.873874
29.689011,6.389788
23.954785,0.602268
26.790574,2.429656
18.900136,6.289654
31.531740,0.399570
31.406025,4.264286
28.416396,0.633492
36.945795,0.056206
31.154247,31.393404
14.535016,3.030683
23.596796,14.786843
