25.348723,3.100229
29.388224,7.270007
28.943208,7.871943
30.919136,7.979882
25.355797,7.095650
22.104683,8.505084
31.518708,0.682551
28.074596,6.607627
32.597383,5.530485
37.203155,10.136739
33.277338,11.645870
43.051823,32.675961
51.500554,66.767083
16.437229,2.184510
22.109647,11.292611
22.010471,3.511167
26.856284,15.026285
21.577438,8.322026
27.706006,12.462847
27.819335,14.774934
14.063559,4.233850
11.494787,0.153472
55.496996,1.838165
54.881816,4.584890
11.369919,3.011801
12.153664,4.823158
13.227720,11.883270
49.853206,9.883706
46.186530,4.802855
44.977307,6.374345
42.214226,2.393930
41.886536,11.608775
41.348918,11.434427
31.727772,18.538521
22.185360,4.350279
27.631482,7.107037
27.499273,5.481678
33.253501,19.128853
36.491641,12.429912
44.962394,3.673079
41.812070,9.730620
40.717971,8.219286
38.429498,10.487555
43.246578,9.697174
34.672195,9.562712
21.840260,9.550709
30.482166,8.781739
38.285343,4.619845
31.069419,2.333906
28.643428,6.510745
29.222812,5.978218
32.996711,8.234930
19.775344,3.561999
25.955428,9.050905
31.665642,32.798807
17.449579,7.890503
29.417759,0.135708
26.136438,11.555314
24.236129,13.141198
24.568143,9.909135
23.166904,0.721060
28.851397,1.904359
22.537680,1.264295
19.100412,2.141323
29.457903,2.805880
34.663014,16.261058
33.043595,0.623453
35.188241,1.841486
35.564697,5.873874
32.750692,6.389788
25.671896,0.602268
28.146290,2.429656
20.531897,6.289654
32.904671,0.399570
33.399125,4.264286
31.818106,0.633492
38.939698,0.056206
34.031916,31.393404
17.358816,3.030683
25.202733,14.786843
