33.007469,3.100229
38.235107,7.270007
37.636813,7.871943
40.199789,7.979882
32.961704,7.095650
28.730022,8.505084
41.012236,0.682551
36.544650,6.607627
42.470465,5.530485
48.539307,10.136739
43.401481,11.645870
56.088338,32.675961
67.060182,66.767083
21.734471,2.184510
29.242019,11.292611
28.752213,3.511167
36.135102,15.026285
29.925177,8.322026
38.338262,12.462847
38.521153,14.774934
19.614849,4.233850
15.842825,0.153472
72.152654,1.838165
71.346218,4.584890
15.338123,3.011801
15.963892,4.823158
17.774942,11.883270
64.816912,9.883706
60.063625,4.802855
58.500105,6.374345
54.912834,2.393930
54.507875,11.608775
53.819424,11.434427
41.302612,18.538521
29.302804,4.350279
36.498941,7.107037
36.176655,5.481678
45.703997,19.128853
49.806487,12.429912
60.947554,3.673079
56.362231,9.730620
54.550318,8.219286
51.387818,10.487555
57.588801,9.697174
46.190454,9.562712
29.240856,9.550709
40.848904,8.781739
51.559832,4.619845
41.922520,2.333906
39.308155,6.510745
40.088467,5.978218
45.891074,8.234930
27.455193,3.561999
36.008392,9.050905
41.287452,32.798807
24.179949,7.890503
38.234822,0.135708
33.969163,11.555314
31.500052,13.141198
31.932778,9.909135
30.112765,0.721060
37.500574,1.904359
29.294825,1.264295
24.827691,2.141323
38.293211,2.805880
47.329144,16.261058
43.402389,0.623453
46.521894,1.841486
47.710146,5.873874
43.607558,6.389788
33.781078,0.602268
36.802394,2.429656
27.158196,6.289654
42.947796,0.399570
43.832877,4.264286
42.669220,0.633492
50.961768,0.056206
45.118669,31.393404
24.197051,3.030683
33.124169,14.786843
