35.350458,3.100229
40.948028,7.270007
40.306662,7.871943
43.051257,7.979882
35.299621,7.095650
30.767657,8.505084
43.922385,0.682551
39.138274,6.607627
45.486085,5.530485
51.988568,10.136739
46.484996,11.645870
60.070783,32.675961
71.820335,66.767083
23.292721,2.184510
31.338883,11.292611
30.796855,3.511167
38.758909,15.026285
32.138788,8.322026
41.172195,12.462847
41.369303,14.774934
21.062698,4.233850
16.962101,0.153472
77.270552,1.838165
76.406728,4.584890
16.359255,3.011801
16.944374,4.823158
18.945072,11.883270
69.414527,9.883706
64.324497,4.802855
62.650346,6.374345
58.808792,2.393930
58.375820,11.608775
57.638906,11.434427
44.234010,18.538521
31.402026,4.350279
39.113829,7.107037
38.761112,5.481678
49.071050,19.128853
53.459736,12.429912
65.396803,3.673079
60.460274,9.730620
58.498771,8.219286
55.102233,10.487555
61.738741,9.697174
49.520046,9.562712
31.356364,9.550709
43.806240,8.781739
55.306136,4.619845
44.972847,2.333906
42.201415,6.510745
43.038500,5.978218
49.286475,8.234930
29.434916,3.561999
38.599163,9.050905
44.220289,32.798807
25.968171,7.890503
40.946567,0.135708
36.378353,11.555314
33.734142,13.141198
34.197586,9.909135
32.248522,0.721060
40.160288,1.904359
31.372567,1.264295
26.588618,2.141323
41.009254,2.805880
50.801586,16.261058
46.499757,0.623453
49.856943,1.841486
51.166886,5.873874
46.749749,6.389788
36.194807,0.602268
39.421033,2.429656
29.105782,6.289654
46.000416,0.399570
46.959227,4.264286
45.759940,0.633492
54.589985,0.056206
48.359585,31.393404
25.965619,3.030683
35.489037,14.786843
