22.665926,3.100229
26.440665,7.270007
26.158965,7.871943
27.991407,7.979882
22.994174,7.095650
20.098355,8.505084
28.328440,0.682551
25.161598,6.607627
29.040814,5.530485
32.879929,10.136739
29.468211,11.645870
38.367307,32.675961
46.052315,66.767083
13.762005,2.184510
18.495907,11.292611
19.332609,3.511167
21.277946,15.026285
15.428070,8.322026
20.010113,12.462847
20.033816,14.774934
9.661748,4.233850
7.188822,0.153472
50.259375,1.838165
49.755980,4.584890
6.546308,3.011801
6.285562,4.823158
7.501385,11.883270
45.133967,9.883706
41.715511,4.802855
40.565608,6.374345
38.033940,2.393930
37.620333,11.608775
37.080309,11.434427
28.422891,18.538521
18.645296,4.350279
23.216181,7.107037
23.447064,5.481678
24.639968,19.128853
27.669385,12.429912
34.828601,3.673079
32.941843,9.730620
32.687571,8.219286
31.029546,10.487555
35.377722,9.697174
28.325268,9.562712
17.567569,9.550709
24.449139,8.781739
30.249299,4.619845
24.405171,2.333906
21.334869,6.510745
21.793578,5.978218
23.241403,8.234930
12.777597,3.561999
16.706771,9.050905
28.086459,32.798807
12.525449,7.890503
26.749868,0.135708
23.776538,11.555314
22.039406,13.141198
22.327797,9.909135
21.041153,0.721060
26.214313,1.904359
20.470306,1.264295
17.341641,2.141323
26.723840,2.805880
26.250141,16.261058
28.344118,0.623453
29.475321,1.841486
28.433969,5.873874
26.800421,6.389788
21.868506,0.602268
24.610445,2.429656
17.169794,6.289654
29.021457,0.399570
28.743550,4.264286
25.465678,0.633492
33.907308,0.056206
28.240427,31.393404
11.528784,3.030683
21.566149,14.786843
