28.664113,3.100229
33.733717,7.270007
33.626535,7.871943
36.093547,7.979882
29.752186,7.095650
26.162942,8.505084
36.086018,0.682551
31.920997,6.607627
36.553603,5.530485
41.001919,10.136739
36.827928,11.645870
48.312738,32.675961
58.243308,66.767083
16.394678,2.184510
22.021912,11.292611
23.951215,3.511167
24.567902,15.026285
17.251621,8.322026
22.413848,12.462847
22.428563,14.774934
10.758686,4.233850
7.993996,0.153472
64.850568,1.838165
64.340954,4.584890
7.279496,3.011801
6.990072,4.823158
8.341547,11.883270
58.201402,9.883706
53.560329,4.802855
51.957994,6.374345
48.632621,2.393930
47.872338,11.608775
47.080356,11.434427
36.035772,18.538521
22.269905,4.350279
27.724226,7.107037
28.301457,5.481678
27.759399,19.128853
31.388010,12.429912
39.820800,3.673079
37.936785,9.730620
37.986742,8.219286
36.169364,10.487555
41.538208,9.697174
33.231806,9.562712
20.436396,9.550709
28.400040,8.781739
34.881374,4.619845
28.068092,2.333906
24.069951,6.510745
24.596110,5.978218
25.935462,8.234930
14.209284,3.561999
18.578521,9.050905
35.166051,32.798807
14.014817,7.890503
34.828921,0.135708
30.993460,11.555314
28.700006,13.141198
29.031075,9.909135
27.317146,0.721060
34.064949,1.904359
26.577974,1.264295
22.495764,2.141323
34.604582,2.805880
29.765692,16.261058
34.374647,0.623453
35.125315,1.841486
32.975058,5.873874
31.473316,6.389788
26.377164,0.602268
30.353988,2.429656
20.438013,6.289654
36.110191,0.399570
34.953060,4.264286
29.548501,0.633492
41.657524,0.056206
33.447098,31.393404
12.823222,3.030683
26.104076,14.786843
