25.321522,3.100229
29.568040,7.270007
29.276711,7.871943
31.337539,7.979882
25.751792,7.095650
22.521552,8.505084
31.673633,0.682551
28.119834,6.607627
32.425367,5.530485
36.670405,10.136739
32.874236,11.645870
42.840909,32.675961
51.448324,66.767083
15.255167,2.184510
20.501065,11.292611
21.543685,3.511167
23.477075,15.026285
16.930072,8.322026
21.965558,12.462847
21.989347,14.774934
10.593037,4.233850
7.878959,0.153472
56.271282,1.838165
55.719787,4.584890
7.174753,3.011801
6.888994,4.823158
8.221518,11.883270
50.529641,9.883706
46.681536,4.802855
45.383046,6.374345
42.542908,2.393930
42.057847,11.608775
41.443715,11.434427
31.762274,18.538521
20.675908,4.350279
25.743922,7.107037
26.038812,5.481678
27.076568,19.128853
30.441910,12.429912
38.368296,3.673079
36.331703,9.730620
36.101952,8.219286
34.286524,10.487555
39.133594,9.697174
31.328801,9.562712
19.405609,9.550709
27.001131,8.781739
33.368911,4.619845
26.910880,2.333906
23.450516,6.510745
23.956192,5.978218
25.493520,8.234930
14.004451,3.561999
18.310828,9.050905
31.339856,32.798807
13.746580,7.890503
29.975593,0.135708
26.646475,11.555314
24.697430,13.141198
25.017110,9.909135
23.572198,0.721060
29.370192,1.904359
22.932841,1.264295
19.426166,2.141323
29.930991,2.805880
28.878429,16.261058
31.497508,0.623453
32.674864,1.841486
31.394058,5.873874
29.646524,6.389788
24.283371,0.602268
27.409492,2.429656
19.030525,6.289654
32.358204,0.399570
31.953001,4.264286
28.119063,0.633492
37.744615,0.056206
31.278277,31.393404
12.636504,3.030683
23.959165,14.786843
