30.865307,3.100229
36.458240,7.270007
36.475084,7.871943
39.215869,7.979882
32.389607,7.095650
28.591823,8.505084
38.973514,0.682551
34.415477,6.607627
39.292214,5.530485
43.940932,10.136739
39.493768,11.645870
51.939952,32.675961
62.717615,66.767083
17.454686,2.184510
23.446156,11.292611
25.622149,3.511167
26.334701,15.026285
19.320629,8.322026
24.943079,12.462847
25.003915,14.774934
12.421670,4.233850
10.175303,0.153472
70.486834,1.838165
70.019982,4.584890
10.166902,3.011801
11.000369,4.823158
11.849212,11.883270
63.238211,9.883706
58.062111,4.802855
56.257528,6.374345
52.614278,2.393930
51.679408,11.608775
50.776695,11.434427
38.841898,18.538521
23.708759,4.350279
29.515515,7.107037
30.142318,5.481678
30.462660,19.128853
34.098995,12.429912
42.939938,3.673079
40.718307,9.730620
40.611816,8.219286
38.631798,10.487555
44.289982,9.697174
35.438584,9.562712
21.841218,9.550709
30.367326,8.781739
37.413471,4.619845
30.148464,2.333906
26.348537,6.510745
26.909006,5.978218
29.351111,8.234930
17.443271,3.561999
22.902654,9.050905
37.733493,32.798807
15.655988,7.890503
38.067879,0.135708
33.903200,11.555314
31.372173,13.141198
31.701180,9.909135
29.800475,0.721060
37.184042,1.904359
28.995464,1.264295
24.528083,2.141323
37.689440,2.805880
32.352361,16.261058
36.627451,0.623453
37.396038,1.841486
35.280265,5.873874
33.557136,6.389788
28.091298,0.602268
32.436836,2.429656
21.760004,6.289654
38.673918,0.399570
37.256218,4.264286
31.607813,0.633492
44.478908,0.056206
35.621365,31.393404
15.289061,3.030683
27.809060,14.786843
