36.119921,3.100229
41.845252,7.270007
41.193073,7.871943
43.999035,7.979882
36.077469,7.095650
31.446371,8.505084
44.883847,0.682551
39.992489,6.607627
46.471453,5.530485
53.100808,10.136739
47.482812,11.645870
61.372693,32.675961
73.383724,66.767083
23.719248,2.184510
31.910822,11.292611
31.448142,3.511167
39.282653,15.026285
32.227523,8.322026
41.328361,12.462847
41.513782,14.774934
21.043795,4.233850
16.885635,0.153472
78.972014,1.838165
78.090155,4.584890
16.285899,3.011801
16.873879,4.823158
18.860970,11.883270
70.942723,9.883706
65.738432,4.802855
64.025994,6.374345
60.098982,2.393930
59.652777,11.608775
58.897716,11.434427
45.198954,18.538521
31.985760,4.350279
39.840165,7.107037
39.519535,5.481678
49.390719,19.128853
53.940271,12.429912
66.131842,3.673079
61.243839,9.730620
59.362737,8.219286
55.945425,10.487555
62.754670,9.697174
50.329181,9.562712
31.825213,9.550709
44.449646,8.781739
56.038479,4.619845
45.542295,2.333906
42.499985,6.510745
43.348769,5.978218
49.349839,8.234930
29.315990,3.561999
38.439849,9.050905
45.171981,32.798807
26.050197,7.890503
41.849845,0.135708
37.180964,11.555314
34.478327,13.141198
34.951841,9.909135
32.959620,0.721060
41.045979,1.904359
32.064359,1.264295
27.174827,2.141323
41.913073,2.805880
51.251469,16.261058
47.426766,0.623453
50.771670,1.841486
51.902887,5.873874
47.520346,6.389788
36.900861,0.602268
40.246850,2.429656
29.636177,6.289654
46.980965,0.399570
47.904427,4.264286
46.422770,0.633492
55.722858,0.056206
49.212195,31.393404
25.886102,3.030683
36.191361,14.786843
