30.587288,3.100229
35.608825,7.270007
35.175182,7.871943
37.617406,7.979882
30.882923,7.095650
26.967736,8.505084
38.164187,0.682551
33.929470,6.607627
39.236518,5.530485
44.536966,10.136739
39.890784,11.645870
51.831857,32.675961
62.145797,66.767083
18.964910,2.184510
25.495448,11.292611
26.237950,3.511167
29.894606,15.026285
22.749917,8.322026
29.333724,12.462847
29.417278,14.774934
14.636167,4.233850
11.840161,0.153472
67.534918,1.838165
66.832877,4.584890
11.682995,3.011801
12.454282,4.823158
13.586468,11.883270
60.654503,9.883706
56.106567,4.802855
54.586442,6.374345
51.197752,2.393930
50.694102,11.608775
49.991790,11.434427
38.332865,18.538521
25.662503,4.350279
31.956439,7.107037
32.121763,5.481678
35.632250,19.128853
39.581030,12.429912
49.368881,3.673079
46.381163,9.730620
45.701407,8.219286
43.292960,10.487555
49.134180,9.697174
39.357736,9.562712
24.544164,9.550709
34.193863,8.781739
42.543654,4.619845
34.401567,2.333906
30.773843,6.510745
31.416541,5.978218
34.595574,8.234930
20.401424,3.561999
26.770785,9.050905
38.000737,32.798807
18.426929,7.890503
35.891540,0.135708
31.896783,11.555314
29.570662,13.141198
29.964413,9.909135
28.244256,0.721060
35.183276,1.904359
27.477672,1.264295
23.281304,2.141323
35.887496,2.805880
37.571775,16.261058
38.756469,0.623453
40.612473,1.841486
39.813823,5.873874
37.217411,6.389788
29.968132,0.602268
33.448510,2.429656
23.670310,6.289654
39.336023,0.399570
39.261688,4.264286
35.643629,0.633492
46.144080,0.056206
39.031936,31.393404
17.953693,3.030683
29.511237,14.786843
