25.194417,3.100229
29.189939,7.270007
28.736161,7.871943
30.693972,7.979882
25.168124,7.095650
21.937706,8.505084
31.309246,0.682551
27.896371,6.607627
32.413335,5.530485
37.033039,10.136739
33.115962,11.645870
42.806974,32.675961
51.186748,66.767083
16.525987,2.184510
22.232995,11.292611
21.930116,3.511167
27.349317,15.026285
22.503198,8.322026
28.836397,12.462847
28.971597,14.774934
14.761654,4.233850
12.094971,0.153472
55.091448,1.838165
54.476639,4.584890
11.919532,3.011801
12.681411,4.823158
13.857541,11.883270
49.490048,9.883706
45.858681,4.802855
44.663556,6.374345
41.923738,2.393930
41.611179,11.608775
41.083798,11.434427
31.527929,18.538521
22.287094,4.350279
27.759762,7.107037
27.543937,5.481678
34.416025,19.128853
37.562359,12.429912
46.041297,3.673079
42.637984,9.730620
41.333872,8.219286
38.956934,10.487555
43.706201,9.697174
35.051626,9.562712
22.160144,9.550709
30.949713,8.781739
39.014469,4.619845
31.706288,2.333906
29.609027,6.510745
30.199143,5.978218
34.507302,8.234930
20.824308,3.561999
27.331224,9.050905
31.505057,32.798807
18.184225,7.890503
29.195417,0.135708
25.938345,11.555314
24.052882,13.141198
24.383151,9.909135
22.993265,0.721060
28.634520,1.904359
22.368717,1.264295
18.957647,2.141323
29.239182,2.805880
35.690788,16.261058
33.058774,0.623453
35.374616,1.841486
36.138199,5.873874
33.096247,6.389788
25.718346,0.602268
28.063713,2.429656
20.648062,6.289654
32.763971,0.399570
33.393776,4.264286
32.322898,0.633492
38.852194,0.056206
34.282341,31.393404
18.271360,3.030683
25.226003,14.786843
