30.807862,3.100229
36.045314,7.270007
35.753003,7.871943
38.298005,7.979882
31.497795,7.095650
27.587461,8.505084
38.598456,0.682551
34.236203,6.607627
39.411359,5.530485
44.487854,10.136739
39.899281,11.645870
52.075404,32.675961
62.596406,66.767083
18.403419,2.184510
24.731556,11.292611
26.105052,3.511167
28.410110,15.026285
21.167570,8.322026
27.320745,12.462847
27.389980,14.774934
13.595928,4.233850
11.051724,0.153472
68.780969,1.838165
68.142704,4.584890
10.964975,3.011801
11.765012,4.823158
12.763693,11.883270
61.753776,9.883706
56.991894,4.802855
55.375075,6.374345
51.889076,2.393930
51.240829,11.608775
50.467422,11.434427
38.665544,18.538521
24.945184,4.350279
31.059424,7.107037
31.438329,5.481678
33.308275,19.128853
37.169332,12.429912
46.606883,3.673079
44.000849,9.730620
43.621953,8.219286
41.407369,10.487555
47.223164,9.697174
37.807311,9.562712
23.443476,9.550709
32.628199,8.781739
40.395826,4.619845
32.606518,2.333906
28.793511,6.510745
29.401669,5.978218
32.155829,8.234930
19.000999,3.561999
24.939411,9.050905
38.050899,32.798807
17.151430,7.890503
36.720097,0.135708
32.651193,11.555314
30.255436,13.141198
30.635570,9.909135
28.855564,0.721060
35.961262,1.904359
28.073406,1.264295
23.775510,2.141323
36.616334,2.805880
35.272698,16.261058
38.047429,0.623453
39.418445,1.841486
37.949181,5.873874
35.774447,6.389788
29.316948,0.602268
33.187486,2.429656
22.957425,6.289654
39.239963,0.399570
38.609777,4.264286
33.986532,0.633492
45.672797,0.056206
37.730873,31.393404
16.694108,3.030683
28.935436,14.786843
