24.806636,3.100229
28.842249,7.270007
28.463328,7.871943
30.428454,7.979882
24.971484,7.095650
21.792749,8.505084
30.918676,0.682551
27.504097,6.607627
31.844859,5.530485
36.204034,10.136739
32.414679,11.645870
42.064601,32.675961
50.400418,66.767083
15.570283,2.184510
20.934913,11.292611
21.354342,3.511167
24.774458,15.026285
19.166389,8.322026
24.674071,12.462847
24.755651,14.774934
12.408454,4.233850
10.188958,0.153472
54.624349,1.838165
54.043541,4.584890
10.179418,3.011801
11.010589,4.823158
11.863526,11.883270
49.062676,9.883706
45.407357,4.802855
44.190623,6.374345
41.456498,2.393930
41.075822,11.608775
40.519721,11.434427
31.076492,18.538521
21.055010,4.350279
26.220154,7.107037
26.287086,5.481678
29.850885,19.128853
33.037235,12.429912
41.064865,3.673079
38.472902,9.730620
37.791284,8.219286
35.764995,10.487555
40.501080,9.697174
32.449839,9.562712
20.289295,9.550709
28.279617,8.781739
35.273162,4.619845
28.549915,2.333906
25.759412,6.510745
26.292164,5.978218
29.214999,8.234930
17.465901,3.561999
22.932762,9.050905
30.869005,32.798807
15.514813,7.890503
29.003561,0.135708
25.772815,11.555314
23.895415,13.141198
24.216985,9.909135
22.830043,0.721060
28.436358,1.904359
22.210249,1.264295
18.819971,2.141323
29.015763,2.805880
31.366434,16.261058
31.682245,0.623453
33.340245,1.841486
32.945230,5.873874
30.676423,6.389788
24.528765,0.602268
27.246253,2.429656
19.437484,6.289654
31.988935,0.399570
32.075999,4.264286
29.489237,0.633492
37.617031,0.056206
32.095083,31.393404
15.303025,3.030683
24.135128,14.786843
