32.114928,3.100229
37.253669,7.270007
36.703086,7.871943
39.213586,7.979882
32.161593,7.095650
28.042306,8.505084
39.950800,0.682551
35.576201,6.607627
41.283482,5.530485
47.076549,10.136739
42.117926,11.645870
54.525502,32.675961
65.247654,66.767083
20.652490,2.184510
27.776200,11.292611
27.832260,3.511167
33.451370,15.026285
26.387340,8.322026
33.945937,12.462847
34.066318,14.774934
17.069204,4.233850
13.721744,0.153472
70.386494,1.838165
69.611428,4.584890
13.397390,3.011801
14.100367,4.823158
15.550987,11.883270
63.227097,9.883706
58.566447,4.802855
57.026676,6.374345
53.518801,2.393930
53.088988,11.608775
52.400286,11.434427
40.203826,18.538521
27.890160,4.350279
34.735363,7.107037
34.641078,5.481678
40.936281,19.128853
45.109561,12.429912
55.789563,3.673079
52.030883,9.730620
50.827127,8.219286
48.015450,10.487555
54.146085,9.697174
43.401526,9.562712
27.271341,9.550709
38.044646,8.781739
47.665020,4.619845
38.643252,2.333906
35.294586,6.510745
36.016658,5.978218
40.237983,8.234930
23.736237,3.561999
31.133697,9.050905
40.085046,32.798807
21.354991,7.890503
37.319943,0.135708
33.157974,11.555314
30.746521,13.141198
31.166666,9.909135
29.387999,0.721060
36.599821,1.904359
28.589861,1.264295
24.228994,2.141323
37.365631,2.805880
42.839583,16.261058
41.659277,0.623453
44.215228,1.841486
44.364744,5.873874
41.007014,6.389788
32.334948,0.602268
35.571942,2.429656
25.792703,6.289654
41.627767,0.399570
42.125947,4.264286
39.698033,0.633492
49.188028,0.056206
42.702645,31.393404
20.937113,3.030683
31.763655,14.786843
