28.276336,3.100229
33.162382,7.270007
32.956312,7.871943
35.328769,7.979882
29.079445,7.095650
25.504248,8.505084
35.496804,0.682551
31.450457,6.607627
36.124336,5.530485
40.662854,10.136739
36.493599,11.645870
47.737871,32.675961
57.453863,66.767083
16.523692,2.184510
22.199363,11.292611
23.810419,3.511167
25.013977,15.026285
17.727314,8.322026
23.022054,12.462847
23.040217,14.774934
11.065715,4.233850
8.224037,0.153472
63.458593,1.838165
62.902063,4.584890
7.488977,3.011801
7.190883,4.823158
8.581586,11.883270
56.966809,9.883706
52.518421,4.802855
50.997539,6.374345
47.766415,2.393930
47.110185,11.608775
46.371379,11.434427
35.513285,18.538521
22.425498,4.350279
27.919675,7.107037
28.396812,5.481678
28.469376,19.128853
32.128430,12.429912
40.665930,3.673079
38.656673,9.730620
38.597774,8.219286
36.715666,10.487555
42.066833,9.697174
33.663250,9.562712
20.758385,9.550709
28.860957,8.781739
35.528953,4.619845
28.612519,2.333906
24.675952,6.510745
25.212901,5.978218
26.663412,8.234930
14.618129,3.561999
19.113102,9.050905
34.822663,32.798807
14.399022,7.890503
33.948840,0.135708
30.194656,11.555314
27.972967,13.141198
28.314837,9.909135
26.660699,0.721060
33.232854,1.904359
25.938463,1.264295
21.962979,2.141323
33.811018,2.805880
30.471478,16.261058
34.433832,0.623453
35.397870,1.841486
33.527501,5.873874
31.871867,6.389788
26.472589,0.602268
30.224661,2.429656
20.604387,6.289654
35.841020,0.399570
34.980259,4.264286
30.038464,0.633492
41.538461,0.056206
33.776130,31.393404
13.191820,3.030683
26.166634,14.786843
