31.818300,3.100229
37.900276,7.270007
38.209936,7.871943
41.218791,7.979882
34.177037,7.095650
30.395547,8.505084
40.453520,0.682551
35.582859,6.607627
40.331960,5.530485
44.733626,10.136739
40.283046,11.645870
53.334195,32.675961
64.658137,66.767083
17.087906,2.184510
22.942145,11.292611
25.937946,3.511167
25.002759,15.026285
17.271778,8.322026
22.452226,12.462847
22.463088,14.774934
10.760452,4.233850
7.993996,0.153472
74.142167,1.838165
73.833060,4.584890
7.279602,3.011801
6.995256,4.823158
8.341806,11.883270
66.472304,9.883706
60.747617,4.802855
58.712598,6.374345
54.816081,2.393930
53.587697,11.608775
52.539975,11.434427
40.135730,18.538521
23.263764,4.350279
28.956824,7.107037
29.846914,5.481678
27.868080,19.128853
31.612719,12.429912
40.278362,3.673079
38.543120,9.730620
38.830683,8.219286
37.053285,10.487555
42.785436,9.697174
34.209134,9.562712
20.905565,9.550709
29.021854,8.781739
35.468741,4.619845
28.492392,2.333906
24.179059,6.510745
24.711475,5.978218
25.951342,8.234930
14.209302,3.561999
18.578537,9.050905
38.550148,32.798807
14.033900,7.890503
40.480764,0.135708
36.108292,11.555314
33.367153,13.141198
33.649827,9.909135
31.572569,0.721060
39.441047,1.904359
30.722475,1.264295
25.960534,2.141323
39.805167,2.805880
29.972509,16.261058
36.414815,0.623453
36.620712,1.841486
33.658764,5.873874
32.423123,6.389788
27.798959,0.602268
32.711786,2.429656
21.287632,6.289654
39.296029,0.399570
37.124530,4.264286
30.172354,0.633492
44.707669,0.056206
34.690801,31.393404
12.823417,3.030683
27.602264,14.786843
