29.933515,3.100229
35.633530,7.270007
35.920711,7.871943
38.752590,7.979882
32.138631,7.095650
28.602610,8.505084
38.036819,0.682551
33.465950,6.607627
37.962294,5.530485
42.163213,10.136739
37.954527,11.645870
50.198096,32.675961
60.827662,66.767083
16.334524,2.184510
21.936427,11.292611
24.477909,3.511167
24.395023,15.026285
17.864269,8.322026
23.053616,12.462847
23.112330,14.774934
11.511537,4.233850
9.498937,0.153472
69.708181,1.838165
69.426432,4.584890
9.551164,3.011801
10.414617,4.823158
11.143837,11.883270
62.495285,9.883706
57.107492,4.802855
55.195067,6.374345
51.533758,2.393930
50.389249,11.608775
49.411213,11.434427
37.749827,18.538521
22.211629,4.350279
27.649507,7.107037
28.375676,5.481678
28.138371,19.128853
31.501715,12.429912
39.703510,3.673079
37.697988,9.730620
37.681256,8.219286
35.874606,10.487555
41.222354,9.697174
32.975506,9.562712
20.270820,9.550709
28.172620,8.781739
34.647872,4.619845
27.904609,2.333906
24.337411,6.510745
24.855046,5.978218
27.158872,8.234930
16.241033,3.561999
21.330737,9.050905
36.311338,32.798807
14.473453,7.890503
38.094243,0.135708
33.986411,11.555314
31.400771,13.141198
31.659355,9.909135
29.699202,0.721060
37.105121,1.904359
28.899800,1.264295
24.417900,2.141323
37.433414,2.805880
29.887312,16.261058
34.562575,0.623453
35.000851,1.841486
32.716502,5.873874
31.234889,6.389788
26.435656,0.602268
30.900823,2.429656
20.356804,6.289654
37.052718,0.399570
35.205363,4.264286
29.314977,0.633492
42.272765,0.056206
33.257662,31.393404
14.204101,3.030683
26.215513,14.786843
