33.345143,3.100229
39.607612,7.270007
39.837965,7.871943
42.934090,7.979882
35.561511,7.095650
31.567278,8.505084
42.296546,0.682551
37.252372,6.607627
42.332702,5.530485
47.102381,10.136739
42.383774,11.645870
55.972281,32.675961
67.759348,66.767083
18.346972,2.184510
24.639883,11.292611
27.375550,3.511167
27.416078,15.026285
19.975971,8.322026
25.798101,12.462847
25.858340,14.774934
12.827535,4.233850
10.476620,0.153472
77.211574,1.838165
76.838092,4.584890
10.441372,3.011801
11.267418,4.823158
12.163832,11.883270
69.237282,9.883706
63.359145,4.802855
61.282541,6.374345
57.245700,2.393930
56.047608,11.608775
54.990607,11.434427
42.027314,18.538521
24.943924,4.350279
31.051118,7.107037
31.838987,5.481678
31.541136,19.128853
35.353898,12.429912
44.595982,3.673079
42.362204,9.730620
42.353417,8.219286
40.323253,10.487555
46.330001,9.697174
37.061966,9.562712
22.784405,9.550709
31.665649,8.781739
38.936817,4.619845
31.355142,2.333906
27.288691,6.510745
27.871032,5.978218
30.332357,8.234930
17.978861,3.561999
23.602933,9.050905
40.534681,32.798807
16.189155,7.890503
42.038444,0.135708
37.483902,11.555314
34.649493,13.141198
34.959917,9.909135
32.817189,0.721060
40.983948,1.904359
31.932854,1.264295
26.990796,2.141323
41.407794,2.805880
33.540148,16.261058
38.762742,0.623453
39.312237,1.841486
36.772094,5.873874
35.104884,6.389788
29.664162,0.602268
34.582497,2.429656
22.865922,6.289654
41.409318,0.399570
39.472111,4.264286
32.949185,0.633492
47.335637,0.056206
37.366978,31.393404
15.772431,3.030683
29.407166,14.786843
