27.870461,3.100229
32.315997,7.270007
31.829275,7.871943
34.003149,7.979882
27.885609,7.095650
24.310945,8.505084
34.658029,0.682551
30.869072,6.607627
35.837203,5.530485
40.892499,10.136739
36.579252,11.645870
47.331071,32.675961
56.623989,66.767083
18.034915,2.184510
24.257912,11.292611
24.189084,3.511167
29.396707,15.026285
23.484212,8.322026
30.173625,12.462847
30.291524,14.774934
15.264681,4.233850
12.390180,0.153472
61.032841,1.838165
60.357268,4.584890
12.185226,3.011801
12.936492,4.823158
14.161976,11.883270
54.825814,9.883706
50.791433,4.802855
49.460406,6.374345
46.421027,2.393930
46.057858,11.608775
45.465251,11.434427
34.885538,18.538521
24.345299,4.350279
30.321340,7.107037
30.192500,5.481678
36.271189,19.128853
39.854606,12.429912
49.161079,3.673079
45.754935,9.730620
44.596808,8.219286
42.101280,10.487555
47.405496,9.697174
38.004355,9.562712
23.922921,9.550709
33.384606,8.781739
41.901365,4.619845
33.994336,2.333906
31.252128,6.510745
31.886546,5.978218
35.877052,8.234930
21.366952,3.561999
28.036460,9.050905
34.809081,32.798807
18.996339,7.890503
32.353967,0.135708
28.745275,11.555314
26.655172,13.141198
27.020133,9.909135
25.478847,0.721060
31.730781,1.904359
24.786840,1.264295
21.006444,2.141323
32.397156,2.805880
37.854901,16.261058
36.287365,0.623453
38.609224,1.841486
38.945344,5.873874
35.900748,6.389788
28.185222,0.602268
30.928184,2.429656
22.526544,6.289654
36.165759,0.399570
36.681858,4.264286
34.844319,0.633492
42.783052,0.056206
37.326703,31.393404
18.794542,3.030683
27.674500,14.786843
