26.093656,3.100229
30.338806,7.270007
29.940262,7.871943
32.007351,7.979882
26.267209,7.095650
22.923491,8.505084
32.522955,0.682551
28.931138,6.607627
33.496873,5.530485
38.081626,10.136739
34.095890,11.645870
44.246805,32.675961
53.015300,66.767083
16.373983,2.184510
22.015406,11.292611
22.461469,3.511167
26.040538,15.026285
20.106889,8.322026
25.891898,12.462847
25.975519,14.774934
13.000154,4.233850
10.630204,0.153472
57.458736,1.838165
56.847769,4.584890
10.581234,3.011801
11.396399,4.823158
12.323965,11.883270
51.608479,9.883706
47.763498,4.802855
46.483619,6.374345
43.607608,2.393930
43.207104,11.608775
42.622096,11.434427
32.688871,18.538521
22.142343,4.350279
27.574184,7.107037
27.646818,5.481678
31.343038,19.128853
34.703880,12.429912
43.150935,3.673079
40.436337,9.730620
39.728253,8.219286
37.600260,10.487555
42.584367,9.697174
34.118599,9.562712
21.329634,9.550709
29.728806,8.781739
37.074570,4.619845
30.005830,2.333906
27.049938,6.510745
27.610068,5.978218
30.634768,8.234930
18.250091,3.561999
23.958122,9.050905
32.470151,32.798807
16.277899,7.890503
30.508442,0.135708
27.110053,11.555314
25.135253,13.141198
25.473523,9.909135
24.014629,0.721060
29.911830,1.904359
23.362675,1.264295
19.796491,2.141323
30.521332,2.805880
32.948081,16.261058
33.321993,0.623453
35.061295,1.841486
34.632345,5.873874
32.254439,6.389788
25.797425,0.602268
28.658480,2.429656
20.440643,6.289654
33.647769,0.399570
33.736612,4.264286
30.999719,0.633492
39.566273,0.056206
33.749721,31.393404
16.010260,3.030683
25.383986,14.786843
