36.682903,3.100229
42.508791,7.270007
41.852802,7.871943
44.705825,7.979882
36.658573,7.095650
31.954541,8.505084
45.593743,0.682551
40.620170,6.607627
47.187083,5.530485
53.893585,10.136739
48.197543,11.645870
62.318876,32.675961
74.527699,66.767083
23.959388,2.184510
32.231007,11.292611
31.904582,3.511167
39.414791,15.026285
31.891724,8.322026
40.949492,12.462847
41.117998,14.774934
20.734808,4.233850
16.581543,0.153472
80.241334,1.838165
79.347434,4.584890
16.005481,3.011801
16.604589,4.823158
18.539609,11.883270
72.082386,9.883706
66.789886,4.802855
65.047029,6.374345
61.055169,2.393930
60.594532,11.608775
59.823654,11.434427
45.907425,18.538521
32.322711,4.350279
40.258717,7.107037
39.993987,5.481678
49.104840,19.128853
53.798469,12.429912
66.152725,3.673079
61.403996,9.730620
59.664576,8.219286
56.271267,10.487555
63.221815,9.697174
50.695578,9.562712
31.995102,9.550709
44.670659,8.781739
56.206361,4.619845
45.643105,2.333906
42.284105,6.510745
43.135960,5.978218
48.748908,8.234930
28.793627,3.561999
37.752641,9.050905
45.856338,32.798807
25.791284,7.890503
42.526192,0.135708
37.782115,11.555314
35.035574,13.141198
35.516377,9.909135
33.491588,0.721060
41.708769,1.904359
32.581897,1.264295
27.613234,2.141323
42.588520,2.805880
51.107924,16.261058
48.023102,0.623453
51.288343,1.841486
52.139286,5.873874
47.875985,6.389788
37.340519,0.602268
40.817743,2.429656
29.932357,6.289654
47.676142,0.399570
48.521114,4.264286
46.640634,0.633492
56.495466,0.056206
49.661454,31.393404
25.446872,3.030683
36.638261,14.786843
