21.220400,3.100229
24.639598,7.270007
24.292029,7.871943
25.959880,7.979882
21.296511,7.095650
18.575330,8.505084
26.419323,0.682551
23.516065,6.607627
27.262774,5.530485
31.048441,10.136739
27.786889,11.645870
36.009437,32.675961
43.113673,66.767083
13.507014,2.184510
18.163873,11.292611
18.337882,3.511167
21.732197,15.026285
17.128118,8.322026
22.013655,12.462847
22.097074,14.774934
11.156663,4.233850
9.268647,0.153472
46.599034,1.838165
46.092924,4.584890
9.341490,3.011801
10.206036,4.823158
10.903348,11.883270
41.857302,9.883706
38.758515,4.802855
37.731516,6.374345
35.404984,2.393930
35.103738,11.608775
34.640052,11.434427
26.573071,18.538521
18.250544,4.350279
22.728971,7.107037
22.717049,5.481678
26.515245,19.128853
29.223684,12.429912
36.179492,3.673079
33.785498,9.730620
33.064619,8.219286
31.255650,10.487555
35.301675,9.697174
28.291755,9.562712
17.744680,9.550709
24.746892,8.781739
30.958418,4.619845
25.086046,2.333906
22.859799,6.510745
23.327380,5.978218
26.170398,8.234930
15.828725,3.561999
20.792538,9.050905
26.452616,32.798807
13.856037,7.890503
24.721133,0.135708
21.965413,11.555314
20.366974,13.141198
20.643674,9.909135
19.463943,0.721060
24.241655,1.904359
18.935407,1.264295
16.046324,2.141323
24.743711,2.805880
27.752109,16.261058
27.344808,0.623453
28.919352,1.841486
28.848099,5.873874
26.736491,6.389788
21.201697,0.602268
23.420261,2.429656
16.865920,6.289654
27.445722,0.399570
27.665354,4.264286
25.816452,0.633492
32.363446,0.056206
27.893297,31.393404
13.821958,3.030683
20.841579,14.786843
