31.637386,3.100229
36.650505,7.270007
36.078362,7.871943
38.535635,7.979882
31.597488,7.095650
27.541253,8.505084
39.312150,0.682551
35.028705,6.607627
40.705625,5.530485
46.516466,10.136739
41.594133,11.645870
53.757862,32.675961
64.276670,66.767083
20.799380,2.184510
27.983152,11.292611
27.550847,3.511167
34.507121,15.026285
28.456355,8.322026
36.469211,12.462847
36.639389,14.774934
18.633695,4.233850
15.068193,0.153472
69.165888,1.838165
68.393247,4.584890
14.630521,3.011801
15.284445,4.823158
16.964081,11.883270
62.133692,9.883706
57.576254,4.802855
56.076861,6.374345
52.637722,2.393930
52.247979,11.608775
51.587225,11.434427
39.589094,18.538521
28.045614,4.350279
34.932708,7.107037
34.639925,5.481678
43.519336,19.128853
47.472199,12.429912
58.145255,3.673079
53.810134,9.730620
52.121173,8.219286
49.111000,10.487555
55.065321,9.697174
44.164166,9.562712
27.940995,9.550709
39.028496,8.781739
49.231159,4.619845
40.019139,2.333906
37.437338,6.510745
38.182514,5.978218
43.618696,8.234930
26.089233,3.561999
34.219877,9.050905
39.569171,32.798807
22.996154,7.890503
36.652782,0.135708
32.563668,11.555314
30.196682,13.141198
30.611438,9.909135
28.866664,0.721060
35.948813,1.904359
28.082575,1.264295
23.800257,2.141323
36.708402,2.805880
45.108527,16.261058
41.565726,0.623453
44.521076,1.841486
45.577931,5.873874
41.697243,6.389788
32.345231,0.602268
35.261420,2.429656
25.988719,6.289654
41.156494,0.399570
41.981692,4.264286
40.764080,0.633492
48.823503,0.056206
43.164278,31.393404
22.983723,3.030683
31.720335,14.786843
