33.566741,3.100229
39.458491,7.270007
39.300515,7.871943
42.171033,7.979882
34.751110,7.095650
30.544319,8.505084
42.217911,0.682551
37.364616,6.607627
42.834937,5.530485
48.120882,10.136739
43.205837,11.645870
56.611233,32.675961
68.204430,66.767083
19.467929,2.184510
26.155306,11.292611
28.143760,3.511167
29.630015,15.026285
21.778785,8.322026
28.130010,12.462847
28.195084,14.774934
13.960895,4.233850
11.319798,0.153472
75.765447,1.838165
75.155324,4.584890
11.209089,3.011801
11.999898,4.823158
13.043426,11.883270
68.001072,9.883706
62.605488,4.802855
60.748285,6.374345
56.871122,2.393930
56.014261,11.608775
55.103204,11.434427
42.184619,18.538521
26.420197,4.350279
32.893115,7.107037
33.463714,5.481678
34.376718,19.128853
38.471941,12.429912
48.401300,3.673079
45.838126,9.730620
45.625543,8.219286
43.367951,10.487555
49.621539,9.697174
39.713423,9.562712
24.531420,9.550709
34.120047,8.781739
42.106555,4.619845
33.948190,2.333906
29.734564,6.510745
30.367023,5.978218
33.054817,8.234930
19.477594,3.561999
25.562519,9.050905
41.243383,32.798807
17.651422,7.890503
40.660939,0.135708
36.180372,11.555314
33.505409,13.141198
33.895631,9.909135
31.898131,0.721060
39.774691,1.904359
31.034827,1.264295
26.269912,2.141323
40.416158,2.805880
36.502488,16.261058
40.590715,0.623453
41.704834,1.841486
39.655604,5.873874
37.594632,6.389788
31.194978,0.602268
35.699450,2.429656
24.276282,6.289654
42.396646,0.399570
41.244303,4.264286
35.523199,0.633492
49.034729,0.056206
39.805268,31.393404
17.124829,3.030683
30.840917,14.786843
