32.806381,3.100229
38.273653,7.270007
37.871881,7.871943
40.528141,7.979882
33.296140,7.095650
29.108747,8.505084
41.005254,0.682551
36.419439,6.607627
42.032980,5.530485
47.593915,10.136739
42.653947,11.645870
55.531886,32.675961
66.655575,66.767083
19.991191,2.184510
26.870243,11.292611
27.988523,3.511167
31.173332,15.026285
23.405740,8.322026
30.206722,12.462847
30.284544,14.774934
15.017768,4.233850
12.114777,0.153472
72.770825,1.838165
72.046588,4.584890
11.933026,3.011801
12.694393,4.823158
13.872977,11.883270
65.348582,9.883706
60.392259,4.802855
58.724318,6.374345
55.057476,2.393930
54.454405,11.608775
53.671286,11.434427
41.139668,18.538521
27.074037,4.350279
33.712145,7.107037
34.001874,5.481678
36.793319,19.128853
40.991984,12.429912
51.289747,3.673079
48.318611,9.730620
47.768407,8.219286
45.299836,10.487555
51.542052,9.697174
41.275447,9.562712
25.663612,9.550709
35.734675,8.781739
44.342286,4.619845
35.820623,2.333906
31.796612,6.510745
32.465677,5.978218
35.551011,8.234930
20.890236,3.561999
27.409686,9.050905
40.653000,32.798807
18.964601,7.890503
38.742522,0.135708
34.437588,11.555314
31.920403,13.141198
32.336365,9.909135
30.471426,0.721060
37.964294,1.904359
29.644807,1.264295
25.113178,2.141323
38.697717,2.805880
38.904427,16.261058
41.084819,0.623453
42.814721,1.841486
41.583494,5.873874
39.043853,6.389788
31.715107,0.602268
35.635145,2.429656
24.944702,6.289654
42.010617,0.399570
41.654485,4.264286
37.235120,0.633492
49.105432,0.056206
41.065112,31.393404
18.397431,3.030683
31.265620,14.786843
