29.300305,3.100229
34.900974,7.270007
35.186128,7.871943
37.956873,7.979882
31.472380,7.095650
27.990144,8.505084
37.252163,0.682551
32.766950,6.607627
37.140222,5.530485
41.193555,10.136739
37.095179,11.645870
49.113503,32.675961
59.541306,66.767083
15.735625,2.184510
21.126580,11.292611
23.885303,3.511167
23.024124,15.026285
15.904947,8.322026
20.675431,12.462847
20.685434,14.774934
9.908906,4.233850
7.361378,0.153472
68.274801,1.838165
67.990156,4.584890
6.703519,3.011801
6.441674,4.823158
7.681663,11.883270
61.211906,9.883706
55.940251,4.802855
54.066277,6.374345
50.478118,2.393930
49.346944,11.608775
48.382135,11.434427
36.959522,18.538521
21.422747,4.350279
26.665277,7.107037
27.484928,5.481678
25.662692,19.128853
29.110993,12.429912
37.090866,3.673079
35.492945,9.730620
35.757751,8.219286
34.121011,10.487555
39.399539,9.697174
31.501936,9.562712
19.251168,9.550709
26.725161,8.781739
32.661862,4.619845
26.237598,2.333906
22.265608,6.510745
22.755891,5.978218
23.897638,8.234930
13.084825,3.561999
17.108293,9.050905
35.499417,32.798807
12.923304,7.890503
37.277251,0.135708
33.250802,11.555314
30.726587,13.141198
30.986891,9.909135
29.074020,0.721060
36.319813,1.904359
28.291200,1.264295
23.906103,2.141323
36.655118,2.805880
27.600584,16.261058
33.533067,0.623453
33.722670,1.841486
30.995121,5.873874
29.857264,6.389788
25.599042,0.602268
30.123084,2.429656
19.602999,6.289654
36.186271,0.399570
34.186618,4.264286
27.784614,0.633492
41.169652,0.056206
31.945486,31.393404
11.808614,3.030683
25.417912,14.786843
