31.041239,3.100229
36.355315,7.270007
36.092084,7.871943
38.675210,7.979882
31.820884,7.095650
27.890309,8.505084
38.923402,0.682551
34.508105,6.607627
39.688489,5.530485
44.753140,10.136739
40.147175,11.645870
52.444057,32.675961
63.071080,66.767083
18.419584,2.184510
24.751792,11.292611
26.241336,3.511167
28.341535,15.026285
21.053665,8.322026
27.177164,12.462847
27.244948,14.774934
13.519956,4.233850
10.994215,0.153472
69.463875,1.838165
68.836857,4.584890
10.912605,3.011801
11.714792,4.823158
12.703682,11.883270
62.362423,9.883706
57.524431,4.802855
55.876746,6.374345
52.348824,2.393930
51.665955,11.608775
50.873069,11.434427
38.969805,18.538521
24.974114,4.350279
31.094821,7.107037
31.510955,5.481678
33.149091,19.128853
37.015024,12.429912
46.448597,3.673079
43.883087,9.730620
43.545624,8.219286
41.347938,10.487555
47.191347,9.697174
37.778732,9.562712
23.404932,9.550709
32.569600,8.781739
40.293032,4.619845
32.514856,2.333906
28.659508,6.510745
29.265759,5.978218
31.978658,8.234930
18.898816,3.561999
24.805792,9.050905
38.295363,32.798807
17.059907,7.890503
37.124134,0.135708
33.014986,11.555314
30.588873,13.141198
30.967590,9.909135
29.163129,0.721060
36.348550,1.904359
28.372879,1.264295
24.026611,2.141323
36.995268,2.805880
35.124892,16.261058
38.155188,0.623453
39.454449,1.841486
37.874653,5.873874
35.751066,6.389788
29.382362,0.602268
33.343982,2.429656
22.975605,6.289654
39.464043,0.399570
38.730652,4.264286
33.921657,0.633492
45.868096,0.056206
37.740310,31.393404
16.602121,3.030683
29.011205,14.786843
