32.468572,3.100229
38.457433,7.270007
38.575286,7.871943
41.521823,7.979882
34.340942,7.095650
30.394651,8.505084
41.089873,0.682551
36.237698,6.607627
41.276886,5.530485
46.043729,10.136739
41.407578,11.645870
54.569847,32.675961
65.976745,66.767083
18.105807,2.184510
24.318234,11.292611
26.803807,3.511167
27.173503,15.026285
19.850095,8.322026
25.633210,12.462847
25.693781,14.774934
12.750033,4.233850
10.419109,0.153472
74.650912,1.838165
74.220405,4.584890
10.388942,3.011801
11.214915,4.823158
12.103681,11.883270
66.958201,9.883706
61.378955,4.802855
59.420721,6.374345
55.540398,2.393930
54.467514,11.608775
53.478799,11.434427
40.890639,18.538521
24.605320,4.350279
30.630575,7.107037
31.347668,5.481678
31.329195,19.128853
35.099532,12.429912
44.245721,3.673079
41.999246,9.730620
41.946817,8.219286
39.920918,10.487555
45.822871,9.697174
36.660290,9.562712
22.562815,9.550709
31.363373,8.781739
38.597791,4.619845
31.090875,2.333906
27.102874,6.510745
27.680611,5.978218
30.144561,8.234930
17.876636,3.561999
23.469274,9.050905
39.581591,32.798807
16.086605,7.890503
40.472275,0.135708
36.064683,11.555314
33.355988,13.141198
33.681756,9.909135
31.641022,0.721060
39.496942,1.904359
30.787283,1.264295
26.033712,2.141323
39.972721,2.805880
33.299882,16.261058
38.129849,0.623453
38.793408,1.841486
36.428244,5.873874
34.719687,6.389788
29.210331,0.602268
33.895901,2.429656
22.568335,6.289654
40.501458,0.399570
38.806814,4.264286
32.638991,0.633492
46.436851,0.056206
36.910382,31.393404
15.680171,3.030683
28.937929,14.786843
