28.823344,3.100229
33.429709,7.270007
32.931940,7.871943
35.183165,7.979882
28.854935,7.095650
25.157915,8.505084
35.850955,0.682551
31.927752,6.607627
37.056200,5.530485
42.266782,10.136739
37.812352,11.645870
48.941794,32.675961
58.560081,66.767083
18.581482,2.184510
24.991737,11.292611
24.993891,3.511167
30.175990,15.026285
23.947295,8.322026
30.786517,12.462847
30.901549,14.774934
15.534486,4.233850
12.578377,0.153472
63.151606,1.838165
62.454774,4.584890
12.356261,3.011801
13.100713,4.823158
14.357963,11.883270
56.728500,9.883706
52.549727,4.802855
51.169901,6.374345
48.023541,2.393930
47.641770,11.608775
47.025710,11.434427
36.081256,18.538521
25.089231,4.350279
31.247350,7.107037
31.143329,5.481678
37.066441,19.128853
40.789717,12.429912
50.386881,3.673079
46.949898,9.730620
45.820024,8.219286
43.273021,10.487555
48.767665,9.697174
39.092861,9.562712
24.582379,9.550709
34.298259,8.781739
43.004031,4.619845
34.875051,2.333906
31.948022,6.510745
32.599194,5.978218
36.554614,8.234930
21.703864,3.561999
28.476370,9.050905
35.985417,32.798807
19.375249,7.890503
33.481220,0.135708
29.747130,11.555314
27.583913,13.141198
27.961140,9.909135
26.365715,0.721060
32.835629,1.904359
25.649643,1.264295
21.737413,2.141323
33.523681,2.805880
38.739887,16.261058
37.443849,0.623453
39.780543,1.841486
40.002420,5.873874
36.933148,6.389788
29.071161,0.602268
31.949346,2.429656
23.207449,6.289654
37.377238,0.399570
37.858392,4.264286
35.792675,0.633492
44.185407,0.056206
38.435646,31.393404
19.103611,3.030683
28.552303,14.786843
