28.722759,3.100229
33.739346,7.270007
33.583018,7.871943
36.026497,7.979882
29.678971,7.095650
26.072495,8.505084
36.103518,0.682551
31.964085,6.607627
36.668000,5.530485
41.225626,10.136739
37.007918,11.645870
48.459239,32.675961
58.361585,66.767083
16.750064,2.184510
22.505165,11.292611
24.124676,3.511167
25.592268,15.026285
18.964075,8.322026
24.471926,12.462847
24.534950,14.774934
12.206665,4.233850
10.016533,0.153472
64.722336,1.838165
64.189218,4.584890
10.022308,3.011801
10.860227,4.823158
11.683499,11.883270
58.092682,9.883706
53.502906,4.802855
51.926303,6.374345
48.619124,2.393930
47.905948,11.608775
47.135550,11.434427
36.089323,18.538521
22.725544,4.350279
28.293822,7.107037
28.753616,5.481678
29.841048,19.128853
33.335619,12.429912
41.872909,3.673079
39.607354,9.730620
39.371761,8.219286
37.408514,10.487555
42.763867,9.697174
34.228266,9.562712
21.166044,9.550709
29.445088,8.781739
36.375693,4.619845
29.339832,2.333906
25.800542,6.510745
26.346703,5.978218
28.824703,8.234930
17.161044,3.561999
22.533650,9.050905
35.321406,32.798807
15.364563,7.890503
34.707345,0.135708
30.879652,11.555314
28.599160,13.141198
28.936139,9.909135
27.234472,0.721060
33.956693,1.904359
26.497219,1.264295
22.430717,2.141323
34.514893,2.805880
31.632101,16.261058
34.861597,0.623453
35.881305,1.841486
34.229893,5.873874
32.398329,6.389788
26.806086,0.602268
30.613408,2.429656
20.888913,6.289654
36.328554,0.399570
35.413931,4.264286
30.660605,0.633492
42.063485,0.056206
34.269842,31.393404
15.034221,3.030683
26.492812,14.786843
