35.652160,3.100229
41.340553,7.270007
40.718835,7.871943
43.500147,7.979882
35.674216,7.095650
31.101368,8.505084
44.336360,0.682551
39.488636,6.607627
45.842027,5.530485
52.304926,10.136739
46.788800,11.645870
60.544846,32.675961
72.433972,66.767083
23.048367,2.184510
31.000693,11.292611
30.937861,3.511167
37.506034,15.026285
29.765468,8.322026
38.280144,12.462847
38.419598,14.774934
19.257790,4.233850
15.389377,0.153472
78.079272,1.838165
77.215316,4.584890
14.916809,3.011801
15.559262,4.823158
17.292086,11.883270
70.138542,9.883706
64.976715,4.802855
63.273523,6.374345
59.385003,2.393930
58.919370,11.608775
58.160723,11.434427
44.626486,18.538521
31.115526,4.350279
38.753234,7.107037
38.599680,5.481678
46.110621,19.128853
50.741587,12.429912
62.661168,3.673079
58.363679,9.730620
56.926717,8.219286
53.751677,10.487555
60.547864,9.697174
48.538530,9.562712
30.539075,9.550709
42.613333,8.781739
53.454357,4.619845
43.356792,2.333906
39.744476,6.510745
40.554719,5.978218
45.401634,8.234930
26.693807,3.561999
35.002427,9.050905
44.525219,32.798807
24.086300,7.890503
41.390938,0.135708
36.774320,11.555314
34.100385,13.141198
34.567233,9.909135
32.595387,0.721060
40.593604,1.904359
31.710097,1.264295
26.873761,2.141323
41.445913,2.805880
48.192115,16.261058
46.396450,0.623453
49.342567,1.841486
49.705603,5.873874
45.854052,6.389788
36.032867,0.602268
39.555098,2.429656
28.787835,6.289654
46.258085,0.399570
46.903323,4.264286
44.473191,0.633492
54.713840,0.056206
47.693031,31.393404
23.590570,3.030683
35.382747,14.786843
