24.834646,3.100229
28.907379,7.270007
28.552361,7.871943
30.533645,7.979882
25.066424,7.095650
21.887464,8.505084
30.982589,0.682551
27.546648,6.607627
31.860212,5.530485
36.172118,10.136739
32.396783,11.645870
42.087313,32.675961
50.457786,66.767083
15.432015,2.184510
20.746723,11.292611
21.313827,3.511167
24.392716,15.026285
18.724917,8.322026
24.116336,12.462847
24.192802,14.774934
12.111566,4.233850
9.960417,0.153472
54.816960,1.838165
54.245878,4.584890
9.971251,3.011801
10.810722,4.823158
11.624988,11.883270
49.232578,9.883706
45.543446,4.802855
44.310944,6.374345
41.561150,2.393930
41.155368,11.608775
40.586732,11.434427
31.122025,18.538521
20.878682,4.350279
25.999630,7.107037
26.119253,5.481678
29.219163,19.128853
32.393619,12.429912
40.340765,3.673079
37.857831,9.730620
37.262573,8.219286
35.287940,10.487555
40.022812,9.697174
32.061391,9.562712
20.009912,9.550709
27.881241,8.781739
34.719524,4.619845
28.084884,2.333906
25.223292,6.510745
25.747229,5.978218
28.527766,8.234930
17.060425,3.561999
22.402379,9.050905
30.860422,32.798807
15.159893,7.890503
29.130125,0.135708
25.887698,11.555314
23.999977,13.141198
24.319841,9.909135
22.924008,0.721060
28.555729,1.904359
22.301807,1.264295
18.896041,2.141323
29.128216,2.805880
30.752247,16.261058
31.507302,0.623453
33.046287,1.841486
32.469464,5.873874
30.315389,6.389788
24.368909,0.602268
27.174896,2.429656
19.261824,6.289654
31.949877,0.399570
31.914341,4.264286
29.066813,0.633492
37.494148,0.056206
31.772957,31.393404
14.939614,3.030683
23.993410,14.786843
