32.150395,3.100229
37.279503,7.270007
36.718533,7.871943
39.226498,7.979882
32.169343,7.095650
28.045677,8.505084
39.981111,0.682551
35.609832,6.607627
41.339856,5.530485
47.169334,10.136739
42.194503,11.645870
54.598647,32.675961
65.319480,66.767083
20.792313,2.184510
27.966442,11.292611
27.900911,3.511167
33.856837,15.026285
26.938903,8.322026
34.632210,12.462847
34.761965,14.774934
17.460891,4.233850
14.039738,0.153472
70.408378,1.838165
69.629194,4.584890
13.687596,3.011801
14.379015,4.823158
15.883536,11.883270
63.247815,9.883706
58.593338,4.802855
57.057620,6.374345
53.551214,2.393930
53.131689,11.608775
52.447760,11.434427
40.243059,18.538521
28.068924,4.350279
34.958882,7.107037
34.816449,5.481678
41.682877,19.128853
45.842445,12.429912
56.586128,3.673079
52.689744,9.730620
51.378258,8.219286
48.508999,10.487555
54.633798,9.697174
43.798152,9.562712
27.561806,9.550709
38.460406,8.781739
48.255511,4.619845
39.143687,2.333906
35.922919,6.510745
36.654041,5.978218
41.115572,8.234930
24.296722,3.561999
31.867742,9.050905
40.152957,32.798807
21.795818,7.890503
37.324301,0.135708
33.161250,11.555314
30.750039,13.141198
31.171038,9.909135
29.392944,0.721060
36.605334,1.904359
28.594631,1.264295
24.233468,2.141323
37.373972,2.805880
43.540368,16.261058
41.847362,0.623453
44.512562,1.841486
44.863486,5.873874
41.375065,6.389788
32.501427,0.602268
35.672987,2.429656
25.970254,6.289654
41.716538,0.399570
42.303664,4.264286
40.140199,0.633492
49.344985,0.056206
43.028183,31.393404
21.432357,3.030683
31.914036,14.786843
