33.800620,3.100229
39.304962,7.270007
38.792160,7.871943
41.471672,7.979882
34.035246,7.095650
29.703958,8.505084
42.133690,0.682551
37.478152,6.607627
43.386658,5.530485
49.314939,10.136739
44.155793,11.645870
57.310915,32.675961
68.673862,66.767083
21.164302,2.184510
28.455154,11.292611
29.082158,3.511167
33.561966,15.026285
25.669138,8.322026
33.096578,12.462847
33.191596,14.774934
16.496346,4.233850
13.236135,0.153472
74.449297,1.838165
73.659075,4.584890
12.954283,3.011801
13.674918,4.823158
15.043231,11.883270
66.868736,9.883706
61.884076,4.802855
60.224138,6.374345
56.496796,2.393930
55.974225,11.608775
55.214496,11.434427
42.345588,18.538521
28.624805,4.350279
35.646492,7.107037
35.761033,5.481678
40.178992,19.128853
44.582952,12.429912
55.528947,3.673079
52.096996,9.730620
51.243731,8.219286
48.514745,10.487555
54.983462,9.697174
44.049750,9.562712
27.515260,9.550709
38.343955,8.781739
47.774613,4.619845
38.650993,2.333906
34.693566,6.510745
35.416260,5.978218
39.028039,8.234930
22.881525,3.561999
30.013871,9.050905
42.052153,32.798807
20.791436,7.890503
39.532487,0.135708
35.129127,11.555314
32.569999,13.141198
33.008015,9.909135
31.117301,0.721060
38.758929,1.904359
30.272538,1.264295
25.651439,2.141323
39.547691,2.805880
42.322794,16.261058
43.111230,0.623453
45.319635,1.841486
44.660081,5.873874
41.646507,6.389788
33.367690,0.602268
37.100879,2.429656
26.419343,6.289654
43.570765,0.399570
43.652669,4.264286
39.978143,0.633492
51.215494,0.056206
43.606315,31.393404
20.187618,3.030683
32.838381,14.786843
