25.375825,3.100229
29.406940,7.270007
28.953789,7.871943
30.927744,7.979882
25.360790,7.095650
22.106699,8.505084
31.540892,0.682551
28.099838,6.607627
32.641539,5.530485
37.279064,10.136739
33.339385,11.645870
43.108997,32.675961
51.555418,66.767083
16.570999,2.184510
22.291940,11.292611
22.068182,3.511167
27.278086,15.026285
22.210180,8.322026
28.487285,12.462847
28.613065,14.774934
14.525015,4.233850
11.880467,0.153472
55.511494,1.838165
54.893335,4.584890
11.722537,3.011801
12.492245,4.823158
13.631791,11.883270
49.867011,9.883706
46.205130,4.802855
44.999114,6.374345
42.237351,2.393930
41.917998,11.608775
41.384376,11.434427
31.757326,18.538521
22.355122,4.350279
27.843858,7.107037
27.660677,5.481678
34.085681,19.128853
37.291418,12.429912
45.812870,3.673079
42.502146,9.730620
41.281703,8.219286
38.930346,10.487555
43.732111,9.697174
35.067866,9.562712
22.136574,9.550709
30.907928,8.781739
38.901702,4.619845
31.595412,2.333906
29.340576,6.510745
29.929212,5.978218
34.014345,8.234930
20.452065,3.561999
26.842392,9.050905
31.720206,32.798807
17.953806,7.890503
29.420355,0.135708
26.138355,11.555314
24.238220,13.141198
24.570800,9.909135
23.169969,0.721060
28.854773,1.904359
22.540633,1.264295
19.103213,2.141323
29.463232,2.805880
35.428684,16.261058
33.214146,0.623453
35.472443,1.841486
36.077613,5.873874
33.116912,6.389788
25.825455,0.602268
28.232716,2.429656
20.702147,6.289654
32.977988,0.399570
33.558874,4.264286
32.272204,0.633492
39.075898,0.056206
34.348478,31.393404
17.951928,3.030683
25.339934,14.786843
