33.708868,3.100229
39.228339,7.270007
38.739248,7.871943
41.424240,7.979882
34.004151,7.095650
29.687534,8.505084
42.046114,0.682551
37.387053,6.607627
43.249773,5.530485
49.113359,10.136739
43.985271,11.645870
57.132357,32.675961
68.487872,66.767083
20.960275,2.184510
28.178663,11.292611
28.942990,3.511167
33.083252,15.026285
25.159544,8.322026
32.450463,12.462847
32.540275,14.774934
16.156679,4.233850
12.975560,0.153472
74.367587,1.838165
73.588936,4.584890
12.716939,3.011801
13.447036,4.823158
14.771260,11.883270
66.792525,9.883706
61.794231,4.802855
60.125598,6.374345
56.396806,2.393930
55.852939,11.608775
55.084281,11.434427
42.240306,18.538521
28.359008,4.350279
35.314598,7.107037
35.478718,5.481678
39.438088,19.128853
43.815949,12.429912
54.648138,3.673079
51.332323,9.730620
50.564684,8.219286
47.894347,10.487555
54.339973,9.697174
43.529176,9.562712
27.154962,9.550709
37.833205,8.781739
47.083360,4.619845
38.075325,2.333906
34.062801,6.510745
34.774616,5.978218
38.238139,8.234930
22.419154,3.561999
29.409086,9.050905
41.897644,32.798807
20.381208,7.890503
39.511087,0.135708
35.112280,11.555314
32.552627,13.141198
32.987609,9.909135
31.095359,0.721060
38.733702,1.904359
30.251322,1.264295
25.632095,2.141323
39.513498,2.805880
41.591601,16.261058
42.796794,0.623453
44.884761,1.841486
44.053930,5.873874
41.160274,6.389788
33.101187,0.602268
36.904889,2.429656
26.161747,6.289654
43.382518,0.399570
43.348908,4.264286
39.438857,0.633492
50.922037,0.056206
43.150503,31.393404
19.772968,3.030683
32.590870,14.786843
