30.342584,3.100229
35.340008,7.270007
34.922137,7.871943
37.351936,7.979882
30.669462,7.095650
26.787648,8.505084
37.873140,0.682551
33.663654,6.607627
38.912633,5.530485
44.145775,10.136739
39.545466,11.645870
51.405176,32.675961
61.648844,66.767083
18.742081,2.184510
25.194888,11.292611
25.997300,3.511167
29.474883,15.026285
22.376071,8.322026
28.854824,12.462847
28.936013,14.774934
14.394084,4.233850
11.657311,0.153472
67.060271,1.838165
66.369293,4.584890
11.516473,3.011801
12.294399,4.823158
13.395651,11.883270
60.226610,9.883706
55.699914,4.802855
54.184665,6.374345
50.816777,2.393930
50.304841,11.608775
49.602264,11.434427
38.031303,18.538521
25.365654,4.350279
31.586372,7.107037
31.773425,5.481678
35.065136,19.128853
38.971787,12.429912
48.638757,3.673079
45.720842,9.730620
45.082023,8.219286
42.716003,10.487555
48.505680,9.697174
38.852050,9.562712
24.213394,9.550709
33.729296,8.781739
41.942177,4.619845
33.908291,2.333906
30.287322,6.510745
30.920692,5.978218
34.023612,8.234930
20.076651,3.561999
26.346071,9.050905
37.675807,32.798807
18.124819,7.890503
35.652137,0.135708
31.685339,11.555314
29.373576,13.141198
29.763023,9.909135
28.052822,0.721060
34.946056,1.904359
27.291511,1.264295
23.122769,2.141323
35.640567,2.805880
36.992266,16.261058
38.348462,0.623453
40.136221,1.841486
39.268038,5.873874
36.741865,6.389788
29.641697,0.602268
33.132579,2.429656
23.390861,6.289654
38.985391,0.399570
38.855347,4.264286
35.156441,0.633492
45.696985,0.056206
38.557168,31.393404
17.661486,3.030683
29.196758,14.786843
