34.489686,3.100229
40.970931,7.270007
41.212423,7.871943
44.416781,7.979882
36.790901,7.095650
32.660643,8.505084
43.751709,0.682551
38.532331,6.607627
43.783492,5.530485
48.711505,10.136739
43.832805,11.645870
57.890777,32.675961
70.085180,66.767083
18.961645,2.184510
25.465140,11.292611
28.308570,3.511167
28.315458,15.026285
20.597258,8.322026
26.605735,12.462847
26.666365,14.774934
13.214601,4.233850
10.764174,0.153472
79.878558,1.838165
79.493958,4.584890
10.703228,3.011801
11.519046,4.823158
12.463897,11.883270
71.628372,9.883706
65.544312,4.802855
63.394505,6.374345
59.217502,2.393930
57.975223,11.608775
56.880534,11.434427
43.471045,18.538521
25.780750,4.350279
32.092731,7.107037
32.912617,5.481678
32.543585,19.128853
36.491046,12.429912
46.044844,3.673079
43.748647,9.730620
43.750204,8.219286
41.656105,10.487555
47.869045,9.697174
38.292511,9.562712
23.536404,9.550709
32.709601,8.781739
40.212671,4.619845
32.380048,2.333906
28.158441,6.510745
28.759934,5.978218
31.265858,8.234930
18.489987,3.561999
24.271225,9.050905
41.921377,32.798807
16.693972,7.890503
43.494587,0.135708
38.782761,11.555314
35.849751,13.141198
36.170342,9.909135
33.952893,0.721060
42.402690,1.904359
33.037979,1.264295
27.924628,2.141323
42.839635,2.805880
34.618296,16.261058
40.072628,0.623453
40.629529,1.841486
37.982841,5.873874
36.271183,6.389788
30.664124,0.602268
35.759180,2.429656
23.631665,6.289654
42.822845,0.399570
40.807526,4.264286
34.034522,0.633492
48.943827,0.056206
38.614848,31.393404
16.233705,3.030683
30.400054,14.786843
