32.451901,3.100229
37.735885,7.270007
37.243078,7.871943
39.815416,7.979882
32.675840,7.095650
28.517376,8.505084
40.451812,0.682551
35.982424,6.607627
41.655946,5.530485
47.349109,10.136739
42.395310,11.645870
55.024696,32.675961
65.933613,66.767083
20.325996,2.184510
27.328198,11.292611
27.923538,3.511167
32.245716,15.026285
24.695745,8.322026
31.835759,12.462847
31.928783,14.774934
15.884512,4.233850
12.780097,0.153472
71.475949,1.838165
70.717096,4.584890
12.538999,3.011801
13.276177,4.823158
14.567359,11.883270
64.198191,9.883706
59.412975,4.802855
57.819547,6.374345
54.241188,2.393930
53.739979,11.608775
53.010826,11.434427
40.655663,18.538521
27.490374,4.350279
34.233838,7.107037
34.341046,5.481678
38.632700,19.128853
42.854114,12.429912
53.362795,3.673079
50.056380,9.730620
49.228522,8.219286
46.604710,10.487555
52.813621,9.697174
42.311799,9.562712
26.432776,9.550709
36.836303,8.781739
45.902105,4.619845
37.138090,2.333906
33.355931,6.510745
34.050176,5.978218
37.559217,8.234930
22.071024,3.561999
28.954115,9.050905
40.375303,32.798807
20.001567,7.890503
37.953279,0.135708
33.725789,11.555314
31.268919,13.141198
31.689479,9.909135
29.874334,0.721060
37.210687,1.904359
29.063312,1.264295
24.626823,2.141323
37.968078,2.805880
40.682219,16.261058
41.398114,0.623453
43.524426,1.841486
42.905227,5.873874
40.002895,6.389788
32.042894,0.602268
35.623459,2.429656
25.373071,6.289654
41.834241,0.399570
41.917359,4.264286
38.406918,0.633492
49.176881,0.056206
41.881411,31.393404
19.456580,3.030683
31.533862,14.786843
