27.550347,3.100229
32.410592,7.270007
32.304489,7.871943
34.675364,7.979882
28.585307,7.095650
25.143492,8.505084
34.672247,0.682551
30.675475,6.607627
35.144546,5.530485
39.456064,10.136739
35.431074,11.645870
46.448939,32.675961
55.979993,66.767083
15.936539,2.184510
21.410827,11.292611
23.067063,3.511167
24.280305,15.026285
17.989664,8.322026
23.208752,12.462847
23.270065,14.774934
11.596242,4.233850
9.562559,0.153472
62.303129,1.838165
61.816476,4.584890
9.608912,3.011801
10.463499,4.823158
11.209792,11.883270
55.914608,9.883706
51.454613,4.802855
49.916200,6.374345
46.722740,2.393930
45.998478,11.608775
45.241602,11.434427
34.630762,18.538521
21.627991,4.350279
26.926788,7.107037
27.398465,5.481678
28.289672,19.128853
31.601367,12.429912
39.704149,3.673079
37.570577,9.730620
37.371192,8.219286
35.516453,10.487555
40.627043,9.697174
32.515601,9.562712
20.092185,9.550709
27.947934,8.781739
34.507970,4.619845
27.828780,2.333906
24.458364,6.510745
24.975959,5.978218
27.356292,8.234930
16.354115,3.561999
21.478594,9.050905
33.825965,32.798807
14.573607,7.890503
33.472225,0.135708
29.788374,11.555314
27.582297,13.141198
27.898031,9.909135
26.249060,0.721060
32.734476,1.904359
25.538874,1.264295
21.615426,2.141323
33.248186,2.805880
29.986300,16.261058
33.237939,0.623453
34.139809,1.841486
32.485381,5.873874
30.779998,6.389788
25.540511,0.602268
29.252815,2.429656
19.872643,6.289654
34.757745,0.399570
33.776036,4.264286
29.099183,0.633492
40.172354,0.056206
32.585231,31.393404
14.306071,3.030683
25.252854,14.786843
