28.209848,3.100229
33.534352,7.270007
33.742214,7.871943
36.366985,7.979882
30.122139,7.095650
26.732908,8.505084
35.806904,0.682551
31.525544,6.607627
35.793193,5.530485
39.770849,10.136739
35.799526,11.645870
47.328248,32.675961
57.324543,66.767083
15.294692,2.184510
20.535915,11.292611
23.087005,3.511167
22.446978,15.026285
15.531267,8.322026
20.188946,12.462847
20.198951,14.774934
9.676619,4.233850
7.188845,0.153472
65.401885,1.838165
65.085559,4.584890
6.546362,3.011801
6.289213,4.823158
7.501526,11.883270
58.646937,9.883706
53.662180,4.802855
51.897917,6.374345
48.474790,2.393930
47.444181,11.608775
46.540461,11.434427
35.564271,18.538521
20.816060,4.350279
25.910698,7.107037
26.671061,5.481678
25.054607,19.128853
28.412918,12.429912
36.185710,3.673079
34.609936,9.730620
34.843151,8.219286
33.239472,10.487555
38.355426,9.697174
30.669458,9.562712
18.757120,9.550709
26.042583,8.781739
31.846231,4.619845
25.587307,2.333906
21.736878,6.510745
22.215216,5.978218
23.336933,8.234930
12.778150,3.561999
16.707317,9.050905
34.247521,32.798807
12.619520,7.890503
35.599965,0.135708
31.740251,11.555314
29.342389,13.141198
29.608033,9.909135
27.795244,0.721060
34.710866,1.904359
27.046159,1.264295
22.861114,2.141323
35.073802,2.805880
26.939267,16.261058
32.519163,0.623453
32.776478,1.841486
30.207601,5.873874
29.065478,6.389788
24.843379,0.602268
29.138060,2.429656
19.055469,6.289654
34.950500,0.399570
33.140372,4.264286
27.077466,0.633492
39.848360,0.056206
31.070822,31.393404
11.531847,3.030683
24.655949,14.786843
