28.098782,3.100229
32.565195,7.270007
32.065003,7.871943
34.251609,7.979882
28.086771,7.095650
24.483349,8.505084
34.927883,0.682551
31.116138,6.607627
36.142079,5.530485
41.271103,10.136739
36.910899,11.645870
47.732343,32.675961
57.087625,66.767083
18.319492,2.184510
24.643414,11.292611
24.428338,3.511167
30.093104,15.026285
24.367317,8.322026
31.274192,12.462847
31.406527,14.774934
15.891191,4.233850
12.902701,0.153472
61.477612,1.838165
60.793571,4.584890
12.653380,3.011801
13.386007,4.823158
14.698440,11.883270
55.226332,9.883706
51.169729,4.802855
49.833371,6.374345
46.774359,2.393930
46.418903,11.608775
45.827039,11.434427
35.166006,18.538521
24.716944,4.350279
30.785304,7.107037
30.596334,5.481678
37.477658,19.128853
41.053815,12.429912
50.488739,3.673079
46.876689,9.730620
45.567089,8.219286
42.981668,10.487555
48.307389,9.697174
38.734736,9.562712
24.436497,9.550709
34.115210,8.781739
42.911065,4.619845
34.842721,2.333906
32.269815,6.510745
32.919500,5.978218
37.280377,8.234930
22.268596,3.561999
29.217662,9.050905
35.119294,32.798807
19.702533,7.890503
32.583299,0.135708
28.948527,11.555314
26.844048,13.141198
27.212283,9.909135
25.660750,0.721060
31.956757,1.904359
24.963766,1.264295
21.156765,2.141323
32.630267,2.805880
39.000616,16.261058
36.745342,0.623453
39.215935,1.841486
39.816046,5.873874
36.582070,6.389788
28.565572,0.602268
31.249113,2.429656
22.885649,6.289654
36.508000,0.399570
37.129988,4.264286
35.617888,0.633492
43.246709,0.056206
37.961453,31.393404
19.589120,3.030683
28.032115,14.786843
