24.293101,3.100229
28.198439,7.270007
27.794237,7.871943
29.700065,7.979882
24.362760,7.095650
21.247127,8.505084
30.236809,0.682551
26.917961,6.607627
31.216291,5.530485
35.565462,10.136739
31.826232,11.645870
41.230653,32.675961
49.356376,66.767083
15.510301,2.184510
20.858514,11.292611
21.012274,3.511167
24.996794,15.026285
19.677860,8.322026
25.302739,12.462847
25.395388,14.774934
12.779488,4.233850
10.487700,0.153472
53.311899,1.838165
52.730069,4.584890
10.451730,3.011801
11.272048,4.823158
12.175567,11.883270
47.887846,9.883706
44.347875,4.802855
43.175888,6.374345
40.515805,2.393930
40.177541,11.608775
39.649977,11.434427
30.417909,18.538521
20.954204,4.350279
26.096351,7.107037
26.066532,5.481678
30.501190,19.128853
33.626030,12.429912
41.627580,3.673079
38.864693,9.730620
38.020445,8.219286
35.934916,10.487555
40.570989,9.697174
32.516121,9.562712
20.403286,9.550709
28.456647,8.781739
35.610823,4.619845
28.858789,2.333906
26.298747,6.510745
26.837202,5.978218
30.038932,8.234930
17.994024,3.561999
23.624089,9.050905
30.295498,32.798807
15.921830,7.890503
28.276807,0.135708
25.124221,11.555314
23.296322,13.141198
23.613488,9.909135
22.264702,0.721060
27.729385,1.904359
21.660081,1.264295
18.355618,2.141323
28.305787,2.805880
31.932595,16.261058
31.368210,0.623453
33.207889,1.841486
33.175217,5.873874
30.726997,6.389788
24.328748,0.602268
26.841867,2.429656
19.368281,6.289654
31.441863,0.399570
31.731145,4.264286
29.688091,0.633492
37.099103,0.056206
32.041092,31.393404
15.771561,3.030683
23.910730,14.786843
