25.366724,3.100229
29.540466,7.270007
29.188312,7.871943
31.218087,7.979882
25.632107,7.095650
22.386727,8.505084
31.658614,0.682551
28.141659,6.607627
32.534220,5.530485
36.916960,10.136739
33.068278,11.645870
42.978687,32.675961
51.539030,66.767083
15.699613,2.184510
21.105561,11.292611
21.743835,3.511167
24.750156,15.026285
18.931935,8.322026
24.389327,12.462847
24.464765,14.774934
12.235219,4.233850
10.050363,0.153472
56.047392,1.838165
55.468677,4.584890
10.053146,3.011801
10.889361,4.823158
11.718832,11.883270
50.336304,9.883706
46.555268,4.802855
45.290161,6.374345
42.476074,2.393930
42.051086,11.608775
41.465232,11.434427
31.793194,18.538521
21.245010,4.350279
26.455429,7.107037
26.598587,5.481678
29.572284,19.128853
32.810862,12.429912
40.893531,3.673079
38.403327,9.730620
37.830710,8.219286
35.835504,10.487555
40.669051,9.697174
32.576951,9.562712
20.316832,9.550709
28.305221,8.781739
35.224084,4.619845
28.485965,2.333906
25.532440,6.510745
26.063875,5.978218
28.833017,8.234930
17.220470,3.561999
22.611585,9.050905
31.503562,32.798807
15.329016,7.890503
29.794829,0.135708
26.479520,11.555314
24.547751,13.141198
24.873501,9.909135
23.444538,0.721060
29.205188,1.904359
22.808275,1.264295
19.324487,2.141323
29.786511,2.805880
31.146952,16.261058
32.096529,0.623453
33.620173,1.841486
32.958426,5.873874
30.805378,6.389788
24.814814,0.602268
27.715143,2.429656
19.594606,6.289654
32.603320,0.399570
32.517413,4.264286
29.505946,0.633492
38.229653,0.056206
32.308981,31.393404
15.084640,3.030683
24.438715,14.786843
