32.553691,3.100229
37.818631,7.270007
37.298620,7.871943
39.864526,7.979882
32.707482,7.095650
28.533466,8.505084
40.546875,0.682551
36.082576,6.607627
41.809716,5.530485
47.580584,10.136739
42.590169,11.645870
55.225069,32.675961
66.139911,66.767083
20.579495,2.184510
27.672004,11.292611
28.085548,3.511167
32.866074,15.026285
25.389003,8.322026
32.711513,12.462847
32.812553,14.774934
16.352181,4.233850
13.142180,0.153472
71.560282,1.838165
70.788698,4.584890
12.868861,3.011801
13.592893,4.823158
14.945346,11.883270
64.277079,9.883706
59.507751,4.802855
57.924483,6.374345
54.348335,2.393930
53.872078,11.608775
53.153629,11.434427
40.771622,18.538521
27.819393,4.350279
34.644784,7.107037
34.685047,5.481678
39.626561,19.128853
43.872185,12.429912
54.519198,3.673079
51.050689,9.730620
50.101056,8.219286
47.398716,10.487555
53.629290,9.697174
42.972353,9.562712
26.895117,9.550709
37.492970,8.781739
46.799407,4.619845
37.887958,2.333906
34.200122,6.510745
34.908449,5.978218
38.639236,8.234930
22.712970,3.561999
29.793929,9.050905
40.551116,32.798807
20.558864,7.890503
37.974211,0.135708
33.742119,11.555314
31.285891,13.141198
31.709637,9.909135
29.896227,0.721060
37.235705,1.904359
29.084470,1.264295
24.646222,2.141323
38.002727,2.805880
41.653343,16.261058
41.778397,0.623453
44.064499,1.841486
43.686214,5.873874
40.619074,6.389788
32.367989,0.602268
35.853618,2.429656
25.693493,6.289654
42.051442,0.399570
42.283121,4.264286
39.101268,0.633492
49.524015,0.056206
42.452407,31.393404
20.030978,3.030683
31.834131,14.786843
