28.094477,3.100229
32.704865,7.270007
32.305293,7.871943
34.547776,7.979882
28.362440,7.095650
24.766285,8.505084
35.052161,0.682551
31.163580,6.607627
36.040119,5.530485
40.912199,10.136739
36.643384,11.645870
47.609221,32.675961
57.080992,66.767083
17.433989,2.184510
23.437667,11.292611
24.104163,3.511167
27.510454,15.026285
21.005750,8.322026
27.072856,12.462847
27.153339,14.774934
13.542173,4.233850
11.025605,0.153472
62.023803,1.838165
61.378511,4.584890
10.941239,3.011801
11.742073,4.823158
12.736493,11.883270
55.705002,9.883706
51.529215,4.802855
50.133727,6.374345
47.021891,2.393930
46.560651,11.608775
45.916265,11.434427
35.208168,18.538521
23.589514,4.350279
29.375155,7.107037
29.520675,5.481678
32.853246,19.128853
36.466485,12.429912
45.456697,3.673079
42.687719,9.730620
42.044579,8.219286
39.824118,10.487555
45.185920,9.697174
36.195987,9.562712
22.579322,9.550709
31.458393,8.781739
39.153198,4.619845
31.664338,2.333906
28.368604,6.510745
28.959839,5.978218
31.966191,8.234930
18.953658,3.561999
24.877809,9.050905
34.906600,32.798807
17.011213,7.890503
32.961594,0.135708
29.292846,11.555314
27.156699,13.141198
27.518432,9.909135
25.938815,0.721060
32.311339,1.904359
25.234797,1.264295
21.381023,2.141323
32.958475,2.805880
34.616647,16.261058
35.615164,0.623453
37.333793,1.841486
36.631267,5.873874
34.226535,6.389788
27.541802,0.602268
30.729944,2.429656
21.759966,6.289654
36.135360,0.399570
36.077838,4.264286
32.793675,0.633492
42.395776,0.056206
35.886378,31.393404
16.647592,3.030683
27.120179,14.786843
