27.891081,3.100229
32.900199,7.270007
32.864596,7.871943
35.307533,7.979882
29.134471,7.095650
25.669083,8.505084
35.179624,0.682551
31.085536,6.607627
35.525524,5.530485
39.758338,10.136739
35.729650,11.645870
46.958762,32.675961
56.673553,66.767083
15.740571,2.184510
21.140961,11.292611
23.189223,3.511167
23.451327,15.026285
16.390361,8.322026
21.298904,12.462847
21.311622,14.774934
10.217661,4.233850
7.591421,0.153472
63.450963,1.838165
62.993631,4.584890
6.912906,3.011801
6.638420,4.823158
7.921477,11.883270
56.934916,9.883706
52.328931,4.802855
50.728822,6.374345
47.459756,2.393930
46.656859,11.608775
45.858030,11.434427
35.086876,18.538521
21.392457,4.350279
26.630888,7.107037
27.244893,5.481678
26.397368,19.128853
29.876794,12.429912
37.949290,3.673079
36.196688,9.730620
36.301261,8.219286
34.583275,10.487555
39.769647,9.697174
31.812291,9.562712
19.533178,9.550709
27.137773,8.781739
33.288750,4.619845
26.774648,2.333906
22.893293,6.510745
23.394852,5.978218
24.635649,8.234930
13.493720,3.561999
17.642921,9.050905
34.132585,32.798807
13.316057,7.890503
34.173894,0.135708
30.422395,11.555314
28.161621,13.141198
28.472109,9.909135
26.778220,0.721060
33.402868,1.904359
26.054239,1.264295
22.046227,2.141323
33.894140,2.805880
28.330862,16.261058
33.124302,0.623453
33.726065,1.841486
31.500399,5.873874
30.134361,6.389788
25.388650,0.602268
29.358236,2.429656
19.619478,6.289654
34.996592,0.399570
33.701028,4.264286
28.229733,0.633492
40.255571,0.056206
32.075943,31.393404
12.177549,3.030683
25.144286,14.786843
