30.514751,3.100229
35.415711,7.270007
34.904688,7.871943
37.296758,7.979882
30.593177,7.095650
26.679337,8.505084
37.976614,0.682551
33.810236,6.607627
39.213939,5.530485
44.684307,10.136739
39.984868,11.645870
51.793647,32.675961
61.996857,66.767083
19.500195,2.184510
26.224297,11.292611
26.402700,3.511167
31.418298,15.026285
24.605532,8.322026
31.667538,12.462847
31.775580,14.774934
15.903541,4.233850
12.828886,0.153472
66.947548,1.838165
66.215401,4.584890
12.583872,3.011801
13.319255,4.823158
14.618779,11.883270
60.136578,9.883706
55.693948,4.802855
54.223755,6.374345
50.884132,2.393930
50.462652,11.608775
49.801643,11.434427
38.206694,18.538521
26.343934,4.350279
32.808771,7.107037
32.767289,5.481678
38.243860,19.128853
42.211266,12.429912
52.294998,3.673079
48.843836,9.730620
47.796144,8.219286
45.176832,10.487555
51.008892,9.697174
40.881529,9.562712
25.649829,9.550709
35.772996,8.781739
44.756859,4.619845
36.266572,2.333906
32.984561,6.510745
33.662218,5.978218
37.502516,8.234930
22.153199,3.561999
29.062819,9.050905
38.060547,32.798807
19.916176,7.890503
35.506224,0.135708
31.547355,11.555314
29.252366,13.141198
29.650980,9.909135
27.957692,0.721060
34.819394,1.904359
27.198454,1.264295
23.049239,2.141323
35.544308,2.805880
40.083345,16.261058
39.429186,0.623453
41.750236,1.841486
41.703166,5.873874
38.632324,6.389788
30.583078,0.602268
33.730397,2.429656
24.350748,6.289654
39.504931,0.399570
39.883759,4.264286
37.320129,0.633492
46.623093,0.056206
40.284680,31.393404
19.518395,3.030683
30.056138,14.786843
