27.549396,3.100229
31.994466,7.270007
31.547173,7.871943
33.714617,7.979882
27.659384,7.095650
24.126627,8.505084
34.304396,0.682551
30.531994,6.607627
35.389622,5.530485
40.292345,10.136739
36.062343,11.645870
46.744128,32.675961
55.972441,66.767083
17.484422,2.184510
23.511496,11.292611
23.791918,3.511167
28.028098,15.026285
21.837602,8.322026
28.108699,12.462847
28.203272,14.774934
14.124111,4.233850
11.483535,0.153472
60.519631,1.838165
59.863938,4.584890
11.358473,3.011801
12.142671,4.823158
13.214600,11.883270
54.360960,9.883706
50.333362,4.802855
48.997740,6.374345
45.975177,2.393930
45.579783,11.608775
44.975599,11.434427
34.500558,18.538521
23.629731,4.350279
29.427705,7.107037
29.434746,5.481678
33.972030,19.128853
37.539515,12.429912
46.571613,3.673079
43.553632,9.730620
42.686128,8.219286
40.367470,10.487555
45.633158,9.697174
36.568491,9.562712
22.911495,9.550709
31.945984,8.781739
39.918394,4.619845
32.330998,2.333906
29.306813,6.510745
29.910625,5.978218
33.284597,8.234930
19.764817,3.561999
25.939206,9.050905
34.332696,32.798807
17.676393,7.890503
32.109180,0.135708
28.530163,11.555314
26.453789,13.141198
26.812829,9.909135
25.280193,0.721060
31.485867,1.904359
24.593737,1.264295
20.841146,2.141323
32.136800,2.805880
35.644537,16.261058
35.441290,0.623453
37.436228,1.841486
37.231399,5.873874
34.562000,6.389788
27.470013,0.602268
30.380398,2.429656
21.830966,6.289654
35.614283,0.399570
35.862273,4.264286
33.321393,0.633492
41.974142,0.056206
36.088544,31.393404
17.371104,3.030683
27.009408,14.786843
