25.012841,3.100229
28.972341,7.270007
28.517954,7.871943
30.459645,7.979882
24.975081,7.095650
21.768521,8.505084
31.076993,0.682551
27.692517,6.607627
32.185452,5.530485
36.789558,10.136739
32.894239,11.645870
42.505300,32.675961
50.817728,66.767083
16.502325,2.184510
22.203427,11.292611
21.795029,3.511167
27.526978,15.026285
23.042478,8.322026
29.480208,12.462847
29.632295,14.774934
15.198260,4.233850
12.499144,0.153472
54.670437,1.838165
54.059098,4.584890
12.292046,3.011801
13.039156,4.823158
14.284454,11.883270
49.112193,9.883706
45.511281,4.802855
44.327045,6.374345
41.609231,2.393930
41.303596,11.608775
40.782590,11.434427
31.298132,18.538521
22.244924,4.350279
27.708126,7.107037
27.447078,5.481678
35.033718,19.128853
38.085245,12.429912
46.512472,3.673079
42.953767,9.730620
41.516805,8.219286
39.095065,10.487555
43.777935,9.697174
35.115862,9.562712
22.251518,9.550709
31.090845,8.781739
39.285331,4.619845
31.956654,2.333906
30.113523,6.510745
30.707109,5.978218
35.413961,8.234930
21.521803,3.561999
28.247939,9.050905
31.291119,32.798807
18.608555,7.890503
28.970230,0.135708
25.738143,11.555314
23.867343,13.141198
24.195261,9.909135
22.816298,0.721060
28.413965,1.904359
22.196546,1.264295
18.811847,2.141323
29.014717,2.805880
36.195378,16.261058
32.922192,0.623453
35.321888,1.841486
36.321059,5.873874
33.149028,6.389788
25.630456,0.602268
27.900238,2.429656
20.621531,6.289654
32.552862,0.399570
33.245099,4.264286
32.481090,0.633492
38.638662,0.056206
34.271943,31.393404
18.865755,3.030683
25.127916,14.786843
