32.039115,3.100229
37.109426,7.270007
36.526652,7.871943
39.013395,7.979882
31.988477,7.095650
27.881304,8.505084
39.805409,0.682551
35.470967,6.607627
41.227720,5.530485
47.128785,10.136739
42.137913,11.645870
54.446707,32.675961
65.092743,66.767083
21.157274,2.184510
28.466965,11.292611
27.922123,3.511167
35.327038,15.026285
29.559783,8.322026
37.831094,12.462847
38.022948,14.774934
19.448364,4.233850
15.775680,0.153472
70.023039,1.838165
69.239798,4.584890
15.280936,3.011801
15.909062,4.823158
17.709467,11.883270
62.903989,9.883706
58.292372,4.802855
56.775914,6.374345
53.295089,2.393930
52.904515,11.608775
52.237666,11.434427
40.089469,18.538521
28.517769,4.350279
35.521709,7.107037
35.178059,5.481678
44.978871,19.128853
48.899593,12.429912
59.710537,3.673079
55.129926,9.730620
53.269255,8.219286
50.156786,10.487555
56.151089,9.697174
45.041953,9.562712
28.549412,9.550709
39.892557,8.781739
50.419422,4.619845
41.017232,2.333906
38.663472,6.510745
39.425865,5.978218
45.398522,8.234930
27.319248,3.561999
35.834292,9.050905
40.083679,32.798807
23.875181,7.890503
37.105307,0.135708
32.965600,11.555314
30.569485,13.141198
30.989517,9.909135
29.223366,0.721060
36.392891,1.904359
28.429578,1.264295
24.094440,2.141323
37.162471,2.805880
46.473261,16.261058
42.191230,0.623453
45.285034,1.841486
46.606030,5.873874
42.517822,6.389788
32.850263,0.602268
35.745598,2.429656
26.438996,6.289654
41.702312,0.399570
42.602864,4.264286
41.677940,0.633492
49.506248,0.056206
43.946567,31.393404
24.048635,3.030683
32.203769,14.786843
