31.258680,3.100229
36.205459,7.270007
35.636870,7.871943
38.063033,7.979882
31.209240,7.095650
27.202115,8.505084
38.835773,0.682551
34.606926,6.607627
40.223483,5.530485
45.980883,10.136739
41.111553,11.645870
53.120475,32.675961
63.507159,66.767083
20.642588,2.184510
27.774481,11.292611
27.242077,3.511167
34.470583,15.026285
28.856068,8.322026
36.927883,12.462847
37.115877,14.774934
18.992255,4.233850
15.426484,0.153472
68.317285,1.838165
67.553121,4.584890
14.962563,3.011801
15.603367,4.823158
17.344642,11.883270
61.371655,9.883706
56.872384,4.802855
55.392871,6.374345
51.996842,2.393930
51.615796,11.608775
50.965199,11.434427
39.112927,18.538521
27.823927,4.350279
34.657469,7.107037
34.321782,5.481678
43.898547,19.128853
47.720301,12.429912
58.266327,3.673079
53.794075,9.730620
51.976420,8.219286
48.938983,10.487555
54.786625,9.697174
43.947525,9.562712
27.856422,9.550709
38.924436,8.781739
49.197382,4.619845
40.023637,2.333906
37.733888,6.510745
38.477727,5.978218
44.323041,8.234930
26.700694,3.561999
35.025023,9.050905
39.107341,32.798807
23.306141,7.890503
36.201422,0.135708
32.162558,11.555314
29.824812,13.141198
30.234613,9.909135
28.511485,0.721060
35.506360,1.904359
27.737034,1.264295
23.507500,2.141323
36.257195,2.805880
45.352701,16.261058
41.164087,0.623453
44.183378,1.841486
45.475268,5.873874
41.484626,6.389788
32.050668,0.602268
34.875062,2.429656
25.795853,6.289654
40.686601,0.399570
41.565623,4.264286
40.666659,0.633492
48.300665,0.056206
42.877893,31.393404
23.494578,3.030683
31.419817,14.786843
