32.033310,3.100229
38.331409,7.270007
38.820140,7.871943
41.964436,7.979882
34.883095,7.095650
31.182196,8.505084
40.878613,0.682551
35.879487,6.607627
40.515335,5.530485
44.759696,10.136739
40.342208,11.645870
53.586683,32.675961
65.097201,66.767083
16.859269,2.184510
22.632289,11.292611
25.888210,3.511167
24.527724,15.026285
16.900087,8.322026
21.970032,12.462847
21.980334,14.774934
10.528256,4.233850
7.821465,0.153472
75.519173,1.838165
75.324242,4.584890
7.122745,3.011801
6.850360,4.823158
8.162316,11.883270
67.677520,9.883706
61.670710,4.802855
59.515708,6.374345
55.509970,2.393930
54.120277,11.608775
53.000310,11.434427
40.457471,18.538521
22.966458,4.350279
28.585503,7.107037
29.544537,5.481678
27.275873,19.128853
30.954424,12.429912
39.467176,3.673079
37.798071,9.730620
38.128584,8.219286
36.400901,10.487555
42.085607,9.697174
33.644739,9.562712
20.530845,9.550709
28.495149,8.781739
34.788926,4.619845
27.936992,2.333906
23.667035,6.510745
24.188658,5.978218
25.391902,8.234930
13.902627,3.561999
18.177561,9.050905
38.636414,32.798807
13.732096,7.890503
41.536729,0.135708
37.091743,11.555314
34.242316,13.141198
34.483662,9.909135
32.312594,0.721060
40.397918,1.904359
31.444533,1.264295
26.550791,2.141323
40.651690,2.805880
29.347461,16.261058
36.093521,0.623453
36.133424,1.841486
33.039792,5.873874
31.893924,6.389788
27.512002,0.602268
32.596817,2.429656
20.998955,6.289654
39.284660,0.399570
36.825864,4.264286
29.619856,0.633492
44.491232,0.056206
34.182468,31.393404
12.546654,3.030683
27.343728,14.786843
