21.230581,3.100229
24.720635,7.270007
24.421713,7.871943
26.117814,7.979882
21.442287,7.095650
18.723864,8.505084
26.493953,0.682551
23.552232,6.607627
27.230104,5.530485
30.896683,10.136739
27.676355,11.645870
35.971753,32.675961
43.135363,66.767083
13.091991,2.184510
17.598334,11.292611
18.195474,3.511167
20.444112,15.026285
15.008819,8.322026
19.450516,12.462847
19.478324,14.774934
9.420217,4.233850
7.016249,0.153472
46.889720,1.838165
46.402605,4.584890
6.389196,3.011801
6.134690,4.823158
7.321351,11.883270
42.112512,9.883706
38.953745,4.802855
37.897429,6.374345
35.544041,2.393930
35.191673,11.608775
34.702569,11.434427
26.608474,18.538521
17.723924,4.350279
22.070136,7.107037
22.221012,5.481678
23.890889,19.128853
26.754696,12.429912
33.579101,3.673079
31.679099,9.730620
31.338511,8.219286
29.719371,10.487555
33.805222,9.697174
27.072898,9.562712
16.836870,9.550709
23.443551,8.781739
29.076721,4.619845
23.480566,2.333906
20.674233,6.510745
21.115724,5.978218
22.633067,8.234930
12.470271,3.561999
16.305124,9.050905
26.367175,32.798807
12.181366,7.890503
24.919700,0.135708
22.146032,11.555314
20.531070,13.141198
20.804534,9.909135
19.610260,0.721060
24.428058,1.904359
19.078011,1.264295
16.164442,2.141323
24.917032,2.805880
25.386414,16.261058
26.826614,0.623453
28.037598,1.841486
27.279239,5.873874
25.607629,6.389788
20.729185,0.602268
23.188919,2.429656
16.337760,6.289654
27.285514,0.399570
27.184591,4.264286
24.427144,0.633492
31.980874,0.056206
26.912702,31.393404
11.249346,3.030683
20.422456,14.786843
