32.384457,3.100229
37.738744,7.270007
37.308511,7.871943
39.910943,7.979882
32.776408,7.095650
28.636061,8.505084
40.440053,0.682551
35.936224,6.607627
41.518410,5.530485
47.071662,10.136739
42.172991,11.645870
54.849019,32.675961
65.797726,66.767083
19.909315,2.184510
26.762598,11.292611
27.707145,3.511167
31.208506,15.026285
23.569295,8.322026
30.407774,12.462847
30.489189,14.774934
15.134322,4.233850
12.205788,0.153472
71.657124,1.838165
70.926653,4.584890
12.015919,3.011801
12.773959,4.823158
13.967964,11.883270
64.352971,9.883706
59.502237,4.802855
57.875688,6.374345
54.273083,2.393930
53.710930,11.608775
52.953541,11.434427
40.597125,18.538521
26.951896,4.350279
33.561054,7.107037
33.792164,5.481678
36.997822,19.128853
41.167329,12.429912
51.436301,3.673079
48.394962,9.730620
47.769052,8.219286
45.277088,10.487555
51.453313,9.697174
41.209737,9.562712
25.659490,9.550709
35.737886,8.781739
44.402270,4.619845
35.885632,2.333906
31.964885,6.510745
32.635356,5.978218
35.813328,8.234930
21.051708,3.561999
27.620907,9.050905
40.184298,32.798807
19.094801,7.890503
38.112578,0.135708
33.873726,11.555314
31.400921,13.141198
31.815073,9.909135
29.984887,0.721060
37.354483,1.904359
29.171242,1.264295
24.714336,2.141323
38.090464,2.805880
39.073799,16.261058
40.801468,0.623453
42.637145,1.841486
41.598835,5.873874
38.975390,6.389788
31.523031,0.602268
35.299800,2.429656
24.845748,6.289654
41.562633,0.399570
41.350106,4.264286
37.245441,0.633492
48.671323,0.056206
40.935694,31.393404
18.541921,3.030683
31.059266,14.786843
