35.752102,3.100229
41.495930,7.270007
40.898210,7.871943
43.701381,7.979882
35.846929,7.095650
31.261280,8.505084
44.496213,0.682551
39.613845,6.607627
45.943098,5.530485
52.348634,10.136739
46.843966,11.645870
60.681655,32.675961
72.637618,66.767083
22.828457,2.184510
30.699769,11.292611
30.929494,3.511167
36.734592,15.026285
28.637650,8.322026
36.880360,12.462847
36.999595,14.774934
18.452564,4.233850
14.735505,0.153472
78.443949,1.838165
77.586448,4.584890
14.320190,3.011801
14.986406,4.823158
16.608419,11.883270
70.463279,9.883706
65.256992,4.802855
63.533869,6.374345
59.620490,2.393930
59.125517,11.608775
58.350447,11.434427
44.764828,18.538521
30.842298,4.350279
38.410866,7.107037
38.371218,5.481678
44.601760,19.128853
49.279606,12.429912
61.100701,3.673079
57.099365,9.730620
55.903579,8.219286
52.847590,10.487555
59.687821,9.697174
47.835924,9.562712
30.002189,9.550709
41.840065,8.781739
52.326003,4.619845
42.392480,2.333906
38.477774,6.510745
39.270585,5.978218
43.602182,8.234930
25.540897,3.561999
33.492585,9.050905
44.590169,32.798807
23.185724,7.890503
41.604119,0.135708
36.965401,11.555314
34.276220,13.141198
34.743220,9.909135
32.759053,0.721060
40.799220,1.904359
31.869430,1.264295
27.007602,2.141323
41.648378,2.805880
46.792973,16.261058
46.176379,0.623453
48.876509,1.841486
48.771889,5.873874
45.205760,6.389788
35.812966,0.602268
39.511674,2.429656
28.506293,6.289654
46.280003,0.399570
46.710808,4.264286
43.647147,0.633492
54.611626,0.056206
47.152692,31.393404
22.571582,3.030683
35.198214,14.786843
