32.792563,3.100229
38.740186,7.270007
38.762518,7.871943
41.677085,7.979882
34.424124,7.095650
30.390408,8.505084
41.411887,0.682551
36.566294,6.607627
41.742356,5.530485
46.673247,10.136739
41.951224,11.645870
55.179156,32.675961
66.633830,66.767083
18.520505,2.184510
24.877418,11.292611
27.212015,3.511167
27.909899,15.026285
20.415191,8.322026
26.365722,12.462847
26.427317,14.774934
13.103759,4.233850
10.682046,0.153472
74.911374,1.838165
74.417569,4.584890
10.628353,3.011801
11.443564,4.823158
12.377988,11.883270
67.207143,9.883706
61.702222,4.802855
59.782323,6.374345
55.909357,2.393930
54.911818,11.608775
53.950733,11.434427
41.268929,18.538521
25.158354,4.350279
31.319980,7.107037
31.994273,5.481678
32.227262,19.128853
36.098500,12.429912
45.483540,3.673079
43.148180,9.730620
43.053831,8.219286
40.959963,10.487555
46.972226,9.697174
37.583716,9.562712
23.155555,9.550709
32.192710,8.781739
39.648785,4.619845
31.945308,2.333906
27.879240,6.510745
28.473333,5.978218
30.995961,8.234930
18.344004,3.561999
24.080354,9.050905
40.082746,32.798807
16.545309,7.890503
40.462682,0.135708
36.036598,11.555314
33.345827,13.141198
33.694800,9.909135
31.673889,0.721060
39.522149,1.904359
30.818303,1.264295
26.069743,2.141323
40.057303,2.805880
34.248262,16.261058
38.882360,0.623453
39.679894,1.841486
37.398272,5.873874
35.589635,6.389788
29.816698,0.602268
34.446503,2.429656
23.088168,6.289654
41.077032,0.399570
39.552344,4.264286
33.506149,0.633492
47.230858,0.056206
37.789738,31.393404
16.101940,3.030683
29.519703,14.786843
