36.528006,3.100229
42.396704,7.270007
41.786140,7.871943
44.650214,7.979882
36.625263,7.095650
31.940086,8.505084
45.462079,0.682551
40.473639,6.607627
46.940010,5.530485
53.484090,10.136739
47.860129,11.645870
61.998397,32.675961
74.214027,66.767083
23.321532,2.184510
31.362802,11.292611
31.600130,3.511167
37.522192,15.026285
29.235001,8.322026
37.652630,12.462847
37.773523,14.774934
18.830196,4.233850
15.017968,0.153472
80.147119,1.838165
79.271047,4.584890
14.577422,3.011801
15.233392,4.823158
16.903180,11.883270
71.993160,9.883706
66.673739,4.802855
64.913146,6.374345
60.914765,2.393930
60.408904,11.608775
59.616936,11.434427
45.736404,18.538521
31.508723,4.350279
39.240806,7.107037
39.201430,5.481678
45.543671,19.128853
50.326767,12.429912
62.405250,3.673079
58.322406,9.730620
57.104680,8.219286
53.983998,10.487555
60.973589,9.697174
48.866205,9.562712
30.646983,9.550709
42.738890,8.781739
53.447358,4.619845
43.300023,2.333906
39.291584,6.510745
40.101454,5.978218
44.505836,8.234930
26.042778,3.561999
34.148847,9.050905
45.557521,32.798807
23.670101,7.890503
42.507511,0.135708
37.768074,11.555314
35.020494,13.141198
35.497626,9.909135
33.470365,0.721060
41.685120,1.904359
32.561426,1.264295
27.594026,2.141323
42.552685,2.805880
47.786993,16.261058
47.175963,0.623453
49.932254,1.841486
49.819108,5.873874
46.179602,6.389788
36.587764,0.602268
40.368160,2.429656
29.121929,6.289654
47.283717,0.399570
47.722223,4.264286
44.584483,0.633492
55.795112,0.056206
48.170175,31.393404
23.023906,3.030683
35.960003,14.786843
