34.136303,3.100229
39.826524,7.270007
39.409385,7.871943
42.173843,7.979882
34.648479,7.095650
30.291415,8.505084
42.668724,0.682551
37.896303,6.607627
43.736056,5.530485
49.520070,10.136739
44.380679,11.645870
57.782012,32.675961
69.357712,66.767083
20.792742,2.184510
27.947435,11.292611
29.120179,3.511167
32.407184,15.026285
24.295756,8.322026
31.361434,12.462847
31.440512,14.774934
15.574669,4.233850
12.528999,0.153472
75.725919,1.838165
74.972686,4.584890
12.310226,3.011801
13.056569,4.823158
14.305209,11.883270
68.002163,9.883706
62.843815,4.802855
61.107716,6.374345
57.291740,2.393930
56.663258,11.608775
55.847915,11.434427
42.807841,18.538521
28.160390,4.350279
35.064784,7.107037
35.369900,5.481678
38.216638,19.128853
42.592111,12.429912
53.306377,3.673079
50.228085,9.730620
49.665670,8.219286
47.101650,10.487555
53.598472,9.697174
42.921745,9.562712
26.683425,9.550709
37.153668,8.781739
46.096028,4.619845
37.234985,2.333906
33.029307,6.510745
33.724949,5.978218
36.891235,8.234930
21.626495,3.561999
28.372345,9.050905
42.299118,32.798807
19.687255,7.890503
40.316619,0.135708
35.836856,11.555314
33.217329,13.141198
33.650089,9.909135
31.709283,0.721060
39.506616,1.904359
30.849089,1.264295
26.133316,2.141323
40.269517,2.805880
40.422377,16.261058
42.739578,0.623453
44.531551,1.841486
43.233369,5.873874
40.601737,6.389788
32.990912,0.602268
37.074966,2.429656
25.944629,6.289654
43.710293,0.399570
43.333141,4.264286
38.712876,0.633492
51.088209,0.056206
42.708637,31.393404
19.061770,3.030683
32.524360,14.786843
