26.568627,3.100229
30.777204,7.270007
30.296011,7.871943
32.359224,7.979882
26.532948,7.095650
23.126696,8.505084
33.012531,0.682551
29.416073,6.607627
34.185111,5.530485
39.068464,10.136739
34.933475,11.645870
45.146409,32.675961
53.978611,66.767083
17.487751,2.184510
23.528274,11.292611
23.141371,3.511167
29.069545,15.026285
24.125185,8.322026
30.893122,12.462847
31.044456,14.774934
15.857518,4.233850
12.968363,0.153472
58.080048,1.838165
57.431026,4.584890
12.717612,3.011801
13.447736,4.823158
14.772085,11.883270
52.175028,9.883706
48.348543,4.802855
47.089794,6.374345
44.202076,2.393930
43.875649,11.608775
43.321242,11.434427
33.245867,18.538521
23.577849,4.350279
29.368012,7.107037
29.111455,5.481678
36.796343,19.128853
40.080625,12.429912
49.034810,3.673079
45.342099,9.730620
43.884074,8.219286
41.340381,10.487555
46.330896,9.697174
37.160586,9.562712
23.523451,9.550709
32.861665,8.781739
41.478426,4.619845
33.725977,2.333906
31.642984,6.510745
32.270211,5.978218
37.028680,8.234930
22.362717,3.561999
29.345950,9.050905
33.232185,32.798807
19.489719,7.890503
30.777743,0.135708
27.344045,11.555314
25.356482,13.141198
25.704791,9.909135
24.239721,0.721060
30.186665,1.904359
23.581309,1.264295
19.985410,2.141323
30.824634,2.805880
38.087758,16.261058
34.927412,0.623453
37.432043,1.841486
38.381206,5.873874
35.082862,6.389788
27.183559,0.602268
29.619808,2.429656
21.851572,6.289654
34.567569,0.399570
35.274609,4.264286
34.325977,0.633492
41.014704,0.056206
36.301021,31.393404
19.634572,3.030683
26.655744,14.786843
