27.023183,3.100229
31.362231,7.270007
30.909006,7.871943
33.027010,7.979882
27.090675,7.095650
23.624708,8.505084
33.630215,0.682551
29.941163,6.607627
34.727834,5.530485
39.574756,10.136739
35.412136,11.645870
45.868309,32.675961
54.903017,66.767083
17.281354,2.184510
23.240650,11.292611
23.384837,3.511167
27.874102,15.026285
21.917453,8.322026
28.192323,12.462847
28.292903,14.774934
14.204193,4.233850
11.557806,0.153472
59.283281,1.838165
58.634703,4.584890
11.426326,3.011801
12.207821,4.823158
13.292353,11.883270
53.252111,9.883706
49.318585,4.802855
48.017012,6.374345
45.059894,2.393930
44.687409,11.608775
44.102441,11.434427
33.834605,18.538521
23.345024,4.350279
29.074042,7.107037
29.031337,5.481678
34.005261,19.128853
37.499040,12.429912
46.424530,3.673079
43.340151,9.730620
42.391187,8.219286
40.062993,10.487555
45.222939,9.697174
36.245266,9.562712
22.748256,9.550709
31.728283,8.781739
39.710762,4.619845
32.182632,2.333906
29.322419,6.510745
29.923307,5.978218
33.436072,8.234930
19.894734,3.561999
26.109642,9.050905
33.707465,32.798807
17.736477,7.890503
31.440960,0.135708
27.935324,11.555314
25.903130,13.141198
26.256153,9.909135
24.756784,0.721060
30.832843,1.904359
24.084470,1.264295
20.410330,2.141323
31.474928,2.805880
35.610259,16.261058
34.931058,0.623453
36.999388,1.841486
36.990684,5.873874
34.250033,6.389788
27.096486,0.602268
29.876212,2.429656
21.580385,6.289654
34.988217,0.399570
35.332393,4.264286
33.102117,0.633492
41.297405,0.056206
35.706006,31.393404
17.482937,3.030683
26.628088,14.786843
