25.903497,3.100229
30.379525,7.270007
30.190748,7.871943
32.364118,7.979882
26.639212,7.095650
23.364032,8.505084
32.518052,0.682551
28.811258,6.607627
33.092923,5.530485
37.250586,10.136739
33.431199,11.645870
43.731896,32.675961
52.632560,66.767083
15.137088,2.184510
20.336479,11.292611
21.812342,3.511167
22.914902,15.026285
16.239707,8.322026
21.090134,12.462847
21.106773,14.774934
10.137123,4.233850
7.533908,0.153472
58.133396,1.838165
57.623568,4.584890
6.860531,3.011801
6.587452,4.823158
7.861453,11.883270
52.186378,9.883706
48.111281,4.802855
46.718025,6.374345
43.758044,2.393930
43.156883,11.608775
42.480075,11.434427
32.533149,18.538521
20.543638,4.350279
25.576766,7.107037
26.013863,5.481678
26.080337,19.128853
29.432338,12.429912
37.253404,3.673079
35.412756,9.730620
35.358800,8.219286
33.634631,10.487555
38.536749,9.697174
30.838362,9.562712
19.016422,9.550709
26.439059,8.781739
32.547502,4.619845
26.211468,2.333906
22.605243,6.510745
23.097133,5.978218
24.425923,8.234930
13.391433,3.561999
17.509206,9.050905
31.900482,32.798807
13.190713,7.890503
31.099986,0.135708
27.660839,11.555314
25.625585,13.141198
25.938767,9.909135
24.423437,0.721060
30.444083,1.904359
23.761809,1.264295
20.119932,2.141323
30.973730,2.805880
27.914431,16.261058
31.544279,0.623453
32.427420,1.841486
30.714005,5.873874
29.197305,6.389788
24.251113,0.602268
27.688326,2.429656
18.875347,6.289654
32.833382,0.399570
32.044853,4.264286
27.517754,0.633492
38.052716,0.056206
30.941770,31.393404
12.084814,3.030683
23.970833,14.786843
