37.275734,3.100229
44.474844,7.270007
44.930840,7.871943
48.520535,7.979882
40.286539,7.095650
35.937558,8.505084
47.454523,0.682551
41.707492,6.607627
47.220596,5.530485
52.335972,10.136739
47.134455,11.645870
62.446521,32.675961
75.748991,66.767083
20.093535,2.184510
26.981750,11.292611
30.341482,3.511167
29.822858,15.026285
21.592462,8.322026
27.900477,12.462847
27.961386,14.774934
13.833954,4.233850
11.224261,0.153472
87.298059,1.838165
87.009497,4.584890
11.122470,3.011801
11.928089,4.823158
12.944582,11.883270
78.249273,9.883706
71.406193,4.802855
68.965718,6.374345
64.359764,2.393930
62.847918,11.608775
61.592491,11.434427
47.038876,18.538521
27.336507,4.350279
34.027877,7.107037
34.992331,5.481678
34.157311,19.128853
38.335889,12.429912
48.424573,3.673079
46.058880,9.730620
46.129035,8.219286
43.944660,10.487555
50.568267,9.697174
40.445545,9.562712
24.820580,9.550709
34.485451,8.781739
42.344775,4.619845
34.082945,2.333906
29.560446,6.510745
30.193319,5.978218
32.760161,8.234930
19.307789,3.561999
25.340494,9.050905
45.112390,32.798807
17.502828,7.890503
47.867575,0.135708
42.727395,11.555314
39.459322,13.141198
39.758884,9.909135
37.275081,0.721060
46.587155,1.904359
36.272791,1.264295
30.636996,2.141323
46.936538,2.805880
36.366458,16.261058
42.660414,0.623453
43.058112,1.841486
40.033835,5.873874
38.317877,6.389788
32.595497,0.602268
38.267681,2.429656
25.037666,6.289654
45.970454,0.399570
43.476335,4.264286
35.875570,0.633492
52.309434,0.056206
40.865971,31.393404
16.971745,3.030683
32.345704,14.786843
