33.161774,3.100229
38.515016,7.270007
37.978216,7.871943
40.588085,7.979882
33.298813,7.095650
29.046306,8.505084
41.295277,0.682551
36.752969,6.607627
42.597309,5.530485
48.493312,10.136739
43.403557,11.645870
56.264585,32.675961
67.375217,66.767083
21.020538,2.184510
28.265953,11.292611
28.631781,3.511167
33.636877,15.026285
26.045931,8.322026
33.553880,12.462847
33.658793,14.774934
16.777662,4.233850
13.465007,0.153472
72.858099,1.838165
72.069347,4.584890
13.162907,3.011801
13.875225,4.823158
15.282293,11.883270
65.443655,9.883706
60.593693,4.802855
58.985028,6.374345
55.345814,2.393930
54.868062,11.608775
54.139851,11.434427
41.529927,18.538521
28.411402,4.350279
35.382410,7.107037
35.402915,5.481678
40.629283,19.128853
44.958619,12.429912
55.836723,3.673079
52.257399,9.730620
51.253548,8.219286
48.479336,10.487555
54.826418,9.697174
43.933745,9.562712
27.511929,9.550709
38.356577,8.781739
47.901271,4.619845
38.787187,2.333906
35.061708,6.510745
35.786912,5.978218
39.643712,8.234930
23.285988,3.561999
30.543372,9.050905
41.322729,32.798807
21.089909,7.890503
38.656608,0.135708
34.347882,11.555314
31.848029,13.141198
32.280155,9.909135
30.434872,0.721060
37.905999,1.904359
29.608453,1.264295
25.090632,2.141323
38.689229,2.805880
42.686169,16.261058
42.632721,0.623453
45.008021,1.841486
44.697362,5.873874
41.525286,6.389788
33.039143,0.602268
36.557860,2.429656
26.245344,6.289654
42.861812,0.399570
43.141976,4.264286
40.004854,0.633492
50.505494,0.056206
43.377003,31.393404
20.545804,3.030683
32.488294,14.786843
