26.649430,3.100229
31.612512,7.270007
31.744121,7.871943
34.182399,7.979882
28.282167,7.095650
25.046910,8.505084
33.768023,0.682551
29.759934,6.607627
33.848520,5.530485
37.682193,10.136739
33.904718,11.645870
44.752882,32.675961
54.152819,66.767083
14.599209,2.184510
19.603545,11.292611
21.901761,3.511167
21.502387,15.026285
14.908603,8.322026
19.378516,12.462847
19.388455,14.774934
9.289468,4.233850
6.901292,0.153472
61.460589,1.838165
61.121639,4.584890
6.284483,3.011801
6.036551,4.823158
7.201405,11.883270
55.123018,9.883706
50.501454,4.802855
48.873561,6.374345
45.670532,2.393930
44.754221,11.608775
43.925340,11.434427
33.577422,18.538521
19.862584,4.350279
24.724484,7.107037
25.411366,5.481678
24.043105,19.128853
27.255242,12.429912
34.692062,3.673079
33.161332,9.730620
33.355881,8.219286
31.810641,10.487555
36.677241,9.697174
29.330178,9.562712
17.954599,9.550709
24.932094,8.781739
30.509725,4.619845
24.519236,2.333906
20.857829,6.510745
21.316430,5.978218
22.402464,8.234930
12.267023,3.561999
16.039024,9.050905
32.422730,32.798807
12.113366,7.890503
33.352034,0.135708
29.722625,11.555314
27.488041,13.141198
27.752840,9.909135
26.067687,0.721060
32.542701,1.904359
25.364507,1.264295
21.446341,2.141323
32.923079,2.805880
25.842310,16.261058
30.961064,0.623453
31.284715,1.841486
28.924228,5.873874
27.793149,6.389788
23.672519,0.602268
27.664567,2.429656
18.190899,6.289654
33.129257,0.399570
31.539244,4.264286
25.925699,0.633492
37.859093,0.056206
29.680325,31.393404
11.070567,3.030683
23.481555,14.786843
