28.885243,3.100229
33.675899,7.270007
33.304143,7.871943
35.632422,7.979882
29.267327,7.095650
25.576967,8.505084
36.083609,0.682551
32.058376,6.607627
37.023325,5.530485
41.955089,10.136739
37.593163,11.645870
48.911702,32.675961
58.688335,66.767083
17.705180,2.184510
23.799172,11.292611
24.687070,3.511167
27.725404,15.026285
20.978485,8.322026
27.052830,12.462847
27.128661,14.774934
13.504989,4.233850
10.991349,0.153472
63.977347,1.838165
63.331461,4.584890
10.910014,3.011801
11.712113,4.823158
12.700712,11.883270
57.454377,9.883706
53.112784,4.802855
51.654874,6.374345
48.435489,2.393930
47.922367,11.608775
47.241334,11.434427
36.215173,18.538521
23.970827,4.350279
29.848720,7.107037
30.069217,5.481678
32.887185,19.128853
36.577042,12.429912
45.693278,3.673079
42.992281,9.730620
42.443194,8.219286
40.232269,10.487555
45.730786,9.697174
36.625499,9.562712
22.799252,9.550709
31.753061,8.781739
39.445927,4.619845
31.879064,2.333906
28.409812,6.510745
29.004898,5.978218
31.902747,8.234930
18.893284,3.561999
24.798709,9.050905
35.823870,32.798807
16.992666,7.890503
34.041441,0.135708
30.256823,11.555314
28.046887,13.141198
28.414974,9.909135
26.778658,0.721060
33.361571,1.904359
26.052097,1.264295
22.070891,2.141323
34.013625,2.805880
34.717532,16.261058
36.314663,0.623453
37.917376,1.841486
36.959126,5.873874
34.640860,6.389788
28.049112,0.602268
31.444847,2.429656
22.094343,6.289654
37.040611,0.399570
36.807881,4.264286
33.091679,0.633492
43.347399,0.056206
36.394832,31.393404
16.595058,3.030683
27.641158,14.786843
