33.175030,3.100229
38.443513,7.270007
37.850103,7.871943
40.430222,7.979882
33.152565,7.095650
28.898391,8.505084
41.233484,0.682551
36.735673,6.607627
42.674969,5.530485
48.740929,10.136739
43.589294,11.645870
56.359802,32.675961
67.400840,66.767083
21.673404,2.184510
29.155970,11.292611
28.854672,3.511167
35.671374,15.026285
28.923990,8.322026
37.127239,12.462847
37.283271,14.774934
18.834974,4.233850
15.145877,0.153472
72.567149,1.838165
71.758695,4.584890
14.697614,3.011801
15.348819,4.823158
17.040927,11.883270
65.188527,9.883706
60.402297,4.802855
58.826193,6.374345
55.216152,2.393930
54.799749,11.608775
54.102692,11.434427
41.517333,18.538521
29.238119,4.350279
36.416839,7.107037
36.174607,5.481678
44.491380,19.128853
48.720800,12.429912
59.887786,3.673079
55.575933,9.730620
53.990157,8.219286
50.916663,10.487555
57.199207,9.697174
45.866749,9.562712
28.951622,9.550709
40.422602,8.781739
50.869843,4.619845
41.312526,2.333906
38.306960,6.510745
39.077627,5.978218
44.235825,8.234930
26.245599,3.561999
34.420117,9.050905
41.471802,32.798807
23.388302,7.890503
38.458963,0.135708
34.168607,11.555314
31.684750,13.141198
32.119576,9.909135
30.288447,0.721060
37.719729,1.904359
29.465758,1.264295
24.972303,2.141323
38.515368,2.805880
46.285266,16.261058
43.435801,0.623453
46.394749,1.841486
47.182574,5.873874
43.315128,6.389788
33.774690,0.602268
36.916234,2.429656
27.076686,6.289654
43.118120,0.399570
43.885654,4.264286
42.206185,0.633492
51.096056,0.056206
44.925803,31.393404
23.156365,3.030683
33.138814,14.786843
