29.087341,3.100229
34.594628,7.270007
34.842247,7.871943
37.573736,7.979882
31.145634,7.095650
27.691403,8.505084
36.934139,0.682551
32.509715,6.607627
36.905494,5.530485
41.022470,10.136739
36.920960,11.645870
48.798834,32.675961
59.107768,66.767083
15.941003,2.184510
21.408599,11.292611
23.827953,3.511167
23.844062,15.026285
17.491314,8.322026
22.568628,12.462847
22.627164,14.774934
11.279290,4.233850
9.326405,0.153472
67.581389,1.838165
67.287287,4.584890
9.394007,3.011801
10.262581,4.823158
10.963704,11.883270
60.593698,9.883706
55.401234,4.802855
53.561731,6.374345
50.018719,2.393930
48.933963,11.608775
47.995326,11.434427
36.673514,18.538521
21.673412,4.350279
26.979802,7.107037
27.671164,5.481678
27.535300,19.128853
30.815249,12.429912
38.824029,3.673079
36.850900,9.730620
36.819288,8.219286
35.048989,10.487555
40.259563,9.697174
32.206562,9.562712
19.806178,9.550709
27.528736,8.781739
33.867328,4.619845
27.279230,2.333906
23.813859,6.510745
24.319881,5.978218
26.598660,8.234930
15.934357,3.561999
20.929762,9.050905
35.316984,32.798807
14.170378,7.890503
36.879230,0.135708
32.895288,11.555314
30.398428,13.141198
30.657142,9.909135
28.766347,0.721060
35.934045,1.904359
27.991716,1.264295
23.654085,2.141323
36.272613,2.805880
29.236622,16.261058
33.694604,0.623453
34.157027,1.841486
31.971175,5.873874
30.505078,6.389788
25.780428,0.602268
30.090376,2.429656
19.867247,6.289654
36.056705,0.399570
34.315362,4.264286
28.646435,0.633492
41.175615,0.056206
32.466574,31.393404
13.927336,3.030683
25.560250,14.786843
