35.761455,3.100229
42.595128,7.270007
42.958770,7.871943
46.354560,7.979882
38.451599,7.095650
34.234517,8.505084
45.463470,0.682551
39.989744,6.607627
45.339551,5.530485
50.325463,10.136739
45.308771,11.645870
59.954767,32.675961
72.670890,66.767083
19.424870,2.184510
26.085172,11.292611
29.203232,3.511167
28.900001,15.026285
20.970852,8.322026
27.092109,12.462847
27.152733,14.774934
13.446876,4.233850
10.936706,0.153472
83.386163,1.838165
83.060646,4.584890
10.860468,3.011801
11.673356,4.823158
12.644211,11.883270
74.755057,9.883706
68.291636,4.802855
65.994624,6.374345
61.610350,2.393930
60.223712,11.608775
59.046454,11.434427
45.106904,18.538521
26.420521,4.350279
32.888243,7.107037
33.784841,5.481678
33.151835,19.128853
37.190552,12.429912
46.955202,3.673079
44.641101,9.730620
44.682059,8.219286
42.557079,10.487555
48.945011,9.697174
39.149585,9.562712
24.040290,9.550709
33.404748,8.781739
41.037878,4.619845
33.036628,2.333906
28.687450,6.510745
29.300933,5.978218
31.826471,8.234930
18.796663,3.561999
24.672201,9.050905
43.352586,32.798807
16.997684,7.890503
45.595720,0.135708
40.682163,11.555314
37.584548,13.141198
37.890185,9.909135
35.540750,0.721060
44.406049,1.904359
34.584278,1.264295
29.219108,2.141323
44.788642,2.805880
35.280872,16.261058
41.167582,0.623453
41.624021,1.841486
38.783602,5.873874
37.087312,6.389788
31.473049,0.602268
36.854205,2.429656
24.206218,6.289654
44.218899,0.399570
41.942450,4.264286
34.753926,0.633492
50.402522,0.056206
39.526279,31.393404
16.510471,3.030683
31.220336,14.786843
