25.355528,3.100229
29.909272,7.270007
29.876906,7.871943
32.097757,7.979882
26.485883,7.095650
23.335530,8.505084
31.981477,0.682551
28.259578,6.607627
32.295931,5.530485
36.143944,10.136739
32.481500,11.645870
42.689784,32.675961
51.521412,66.767083
14.309610,2.184510
19.219056,11.292611
21.081111,3.511167
21.319388,15.026285
14.900328,8.322026
19.362640,12.462847
19.374202,14.774934
9.288783,4.233850
6.901291,0.153472
57.682693,1.838165
57.266938,4.584890
6.284460,3.011801
6.034927,4.823158
7.201343,11.883270
51.759015,9.883706
47.571755,4.802855
46.117111,6.374345
43.145233,2.393930
42.415327,11.608775
41.689118,11.434427
31.897160,18.538521
19.447688,4.350279
24.209898,7.107037
24.768084,5.481678
23.997607,19.128853
27.160722,12.429912
34.499354,3.673079
32.906080,9.730620
33.001147,8.219286
31.439341,10.487555
36.154225,9.697174
28.920264,9.562712
17.757435,9.550709
24.670702,8.781739
30.262500,4.619845
24.340589,2.333906
20.812085,6.510745
21.268047,5.978218
22.396045,8.234930
12.267018,3.561999
16.039019,9.050905
31.029623,32.798807
12.105507,7.890503
31.067176,0.135708
27.656723,11.555314
25.601474,13.141198
25.883736,9.909135
24.343836,0.721060
30.366244,1.904359
23.685672,1.264295
20.042025,2.141323
30.812855,2.805880
25.755329,16.261058
30.113002,0.623453
30.660059,1.841486
28.636726,5.873874
27.394874,6.389788
23.080591,0.602268
26.689305,2.429656
17.835889,6.289654
31.815084,0.399570
30.637298,4.264286
25.663394,0.633492
36.595974,0.056206
29.159948,31.393404
11.070499,3.030683
22.858442,14.786843
