33.787716,3.100229
39.138961,7.270007
38.526540,7.871943
41.150110,7.979882
33.740920,7.095650
29.409204,8.505084
41.981735,0.682551
37.408523,6.607627
43.474372,5.530485
49.686568,10.136739
44.427331,11.645870
57.414145,32.675961
68.645383,66.767083
22.247416,2.184510
29.932121,11.292611
29.431733,3.511167
36.984649,15.026285
30.615359,8.322026
39.225109,12.462847
39.411496,14.774934
20.060335,4.233850
16.182302,0.153472
73.858340,1.838165
73.032844,4.584890
15.647528,3.011801
16.260974,4.823158
18.129490,11.883270
66.349180,9.883706
61.483515,4.802855
59.883027,6.374345
56.210948,2.393930
55.796396,11.608775
55.091658,11.434427
42.278956,18.538521
29.994481,4.350279
37.360469,7.107037
37.031043,5.481678
46.767866,19.128853
50.970852,12.429912
62.376811,3.673079
57.686568,9.730620
55.834337,8.219286
52.597957,10.487555
58.946216,9.697174
47.279106,9.562712
29.929246,9.550709
41.810345,8.781739
52.771685,4.619845
42.907255,2.333906
40.224127,6.510745
41.022853,5.978218
46.944138,8.234930
28.056978,3.561999
36.795622,9.050905
42.263352,32.798807
24.738290,7.890503
39.138699,0.135708
34.772200,11.555314
32.244718,13.141198
32.687673,9.909135
30.824634,0.721060
38.387092,1.904359
29.987358,1.264295
25.414620,2.141323
39.198465,2.805880
48.435367,16.261058
44.427616,0.623453
47.619860,1.841486
48.832767,5.873874
44.635445,6.389788
34.578865,0.602268
37.672104,2.429656
27.799109,6.289654
43.962872,0.399570
44.868368,4.264286
43.673321,0.633492
52.165997,0.056206
46.183035,31.393404
24.736788,3.030683
33.906554,14.786843
