25.842711,3.100229
30.117786,7.270007
29.776856,7.871943
31.855079,7.979882
26.161718,7.095650
22.858683,8.505084
32.273099,0.682551
28.677753,6.607627
33.130493,5.530485
37.560242,10.136739
33.651642,11.645870
43.768048,32.675961
52.506439,66.767083
15.894453,2.184510
21.366089,11.292611
22.108384,3.511167
24.960049,15.026285
19.002898,8.322026
24.488122,12.462847
24.561637,14.774934
12.270843,4.233850
10.074021,0.153472
57.193882,1.838165
56.612350,4.584890
10.074677,3.011801
10.910044,4.823158
11.743504,11.883270
51.363617,9.883706
47.489581,4.802855
46.190170,6.374345
43.314170,2.393930
42.863466,11.608775
42.258182,11.434427
32.397062,18.538521
21.515215,4.350279
26.791325,7.107037
26.969368,5.481678
29.719823,19.128853
33.008647,12.429912
41.185771,3.673079
38.715702,9.730620
38.183664,8.219286
36.183840,10.487555
41.101736,9.697174
32.920369,9.562712
20.509067,9.550709
28.567663,8.781739
35.516746,4.619845
28.712530,2.333906
25.665422,6.510745
26.201029,5.978218
28.930089,8.234930
17.262737,3.561999
22.666781,9.050905
32.065013,32.798807
15.388208,7.890503
30.423377,0.135708
27.040110,11.555314
25.065842,13.141198
25.395945,9.909135
23.934570,0.721060
29.817488,1.904359
23.285123,1.264295
19.727302,2.141323
30.403621,2.805880
31.332816,16.261058
32.561109,0.623453
34.038710,1.841486
33.257023,5.873874
31.133858,6.389788
25.158701,0.602268
28.166966,2.429656
19.835913,6.289654
33.164217,0.399570
32.997846,4.264286
29.775322,0.633492
38.837121,0.056206
32.687273,31.393404
15.123606,3.030683
24.787141,14.786843
