27.877453,3.100229
32.644838,7.270007
32.404664,7.871943
34.722340,7.979882
28.567240,7.095650
25.036687,8.505084
34.951732,0.682551
30.989172,6.607627
35.646605,5.530485
40.203450,10.136739
36.063975,11.645870
47.102757,32.675961
56.642676,66.767083
16.570780,2.184510
22.267947,11.292611
23.577233,3.511167
25.542768,15.026285
19.070189,8.322026
24.601270,12.462847
24.667022,14.774934
12.281834,4.233850
10.074043,0.153472
62.363613,1.838165
61.798864,4.584890
10.074677,3.011801
10.910218,4.823158
11.743505,11.883270
55.988514,9.883706
51.648244,4.802855
50.170728,6.374345
47.004330,2.393930
46.394885,11.608775
45.684663,11.434427
34.996290,18.538521
22.464968,4.350279
27.970942,7.107037
28.333690,5.481678
29.963707,19.128853
33.420234,12.429912
41.898563,3.673079
39.557865,9.730620
39.226992,8.219286
37.239891,10.487555
42.484569,9.697174
34.012215,9.562712
21.082316,9.550709
29.340402,8.781739
36.317764,4.619845
29.313455,2.333906
25.898562,6.510745
26.444735,5.978218
28.995339,8.234930
17.263221,3.561999
22.667263,9.050905
34.399121,32.798807
15.448827,7.890503
33.325663,0.135708
29.636563,11.555314
27.459030,13.141198
27.799497,9.909135
26.180114,0.721060
32.630189,1.904359
25.470674,1.264295
21.569215,2.141323
33.212217,2.805880
31.715496,16.261058
34.302452,0.623453
35.493849,1.841486
34.123324,5.873874
32.184983,6.389788
26.420394,0.602268
29.962201,2.429656
20.670219,6.289654
35.453858,0.399570
34.816777,4.264286
30.560710,0.633492
41.220436,0.056206
33.961162,31.393404
15.126113,3.030683
26.083470,14.786843
