29.494323,3.100229
34.166518,7.270007
33.632421,7.871943
35.922874,7.979882
29.454979,7.095650
25.673618,8.505084
36.647982,0.682551
32.655396,6.607627
37.949368,5.530485
43.369948,10.136739
38.779815,11.645870
50.117677,32.675961
59.922654,66.767083
19.409415,2.184510
26.113584,11.292611
25.688967,3.511167
32.248186,15.026285
26.700008,8.322026
34.202580,12.462847
34.366687,14.774934
17.517745,4.233850
14.232100,0.153472
64.476283,1.838165
63.755808,4.584890
13.869319,3.011801
14.553573,4.823158
16.091827,11.883270
57.920949,9.883706
53.673008,4.802855
52.275598,6.374345
49.069837,2.393930
48.707357,11.608775
48.091838,11.434427
36.906915,18.538521
26.169291,4.350279
32.595803,7.107037
32.313334,5.481678
40.769372,19.128853
44.431887,12.429912
54.379223,3.673079
50.296473,9.730620
48.689932,8.219286
45.870362,10.487555
51.413736,9.697174
41.236916,9.562712
26.100100,9.550709
36.460096,8.781739
46.012331,4.619845
37.409596,2.333906
35.064213,6.510745
35.760347,5.978218
40.955662,8.234930
24.603308,3.561999
32.276910,9.050905
36.891295,32.798807
21.572923,7.890503
34.167268,0.135708
30.355423,11.555314
28.148969,13.141198
28.535634,9.909135
26.909214,0.721060
33.511091,1.904359
26.178291,1.264295
22.186379,2.141323
34.219305,2.805880
42.221592,16.261058
38.769892,0.623453
41.545427,1.841486
42.582552,5.873874
38.931814,6.389788
30.173276,0.602268
32.880279,2.429656
24.252592,6.289654
38.373364,0.399570
39.155748,4.264286
38.083869,0.633492
45.529028,0.056206
40.287776,31.393404
21.644764,3.030683
29.587957,14.786843
