33.122407,3.100229
39.474312,7.270007
39.835517,7.871943
42.996961,7.979882
35.679336,7.095650
31.790445,8.505084
42.127841,0.682551
37.045705,6.607627
41.982937,5.530485
46.580016,10.136739
41.940467,11.645870
55.517325,32.675961
67.308342,66.767083
17.964956,2.184510
24.124759,11.292611
27.023367,3.511167
26.747930,15.026285
19.479839,8.322026
25.153964,12.462847
25.213624,14.774934
12.517918,4.233850
10.246577,0.153472
77.351457,1.838165
77.067121,4.584890
10.232058,3.011801
11.070413,4.823158
11.924151,11.883270
69.340722,9.883706
63.319956,4.802855
61.177767,6.374345
57.105832,2.393930
55.801124,11.608775
54.702315,11.434427
41.784512,18.538521
24.434612,4.350279
30.416198,7.107037
31.246379,5.481678
30.746727,19.128853
34.463550,12.429912
43.483454,3.673079
41.322197,9.730620
41.343666,8.219286
39.373444,10.487555
45.274887,9.697174
36.214584,9.562712
22.243336,9.550709
30.909434,8.781739
37.984327,4.619845
30.582688,2.333906
26.600882,6.510745
27.168463,5.978218
29.586109,8.234930
17.569960,3.561999
23.068298,9.050905
40.132934,32.798807
15.786201,7.890503
42.341840,0.135708
37.785423,11.555314
34.903116,13.141198
35.179402,9.909135
32.991570,0.721060
41.225955,1.904359
32.104000,1.264295
27.120582,2.141323
41.563103,2.805880
32.695271,16.261058
38.076267,0.623453
38.495629,1.841486
35.888712,5.873874
34.306194,6.389788
29.108124,0.602268
34.098549,2.429656
22.387047,6.289654
40.924416,0.399570
38.794391,4.264286
32.159151,0.633492
46.628986,0.056206
36.557299,31.393404
15.403413,3.030683
28.875320,14.786843
