24.937612,3.100229
28.993883,7.270007
28.612477,7.871943
30.587703,7.979882
25.102003,7.095650
21.906421,8.505084
31.081345,0.682551
27.649086,6.607627
32.013405,5.530485
36.396629,10.136739
32.586905,11.645870
42.287189,32.675961
50.666516,66.767083
15.655435,2.184510
21.049444,11.292611
21.468366,3.511167
24.912324,15.026285
19.272551,8.322026
24.811195,12.462847
24.893108,14.774934
12.475726,4.233850
10.239315,0.153472
54.910152,1.838165
54.326073,4.584890
10.225277,3.011801
11.054621,4.823158
11.916075,11.883270
49.319441,9.883706
45.645412,4.802855
44.422541,6.374345
41.674230,2.393930
41.292035,11.608775
40.733236,11.434427
31.240363,18.538521
21.169974,4.350279
26.363337,7.107037
26.429685,5.481678
30.017645,19.128853
33.222019,12.429912
41.294233,3.673079
38.687238,9.730620
38.000931,8.219286
35.963087,10.487555
40.724503,9.697174
32.628927,9.562712
20.401791,9.550709
28.436534,8.781739
35.469563,4.619845
28.709056,2.333906
25.903393,6.510745
26.439139,5.978218
29.375777,8.234930
17.555376,3.561999
23.049760,9.050905
31.032851,32.798807
15.600868,7.890503
29.154835,0.135708
25.907192,11.555314
24.020041,13.141198
24.343349,9.909135
22.949228,0.721060
28.584766,1.904359
22.326196,1.264295
18.918249,2.141323
29.167378,2.805880
31.541874,16.261058
31.853608,0.623453
33.522544,1.841486
33.128185,5.873874
30.845629,6.389788
24.661885,0.602268
27.392120,2.429656
19.543838,6.289654
32.159320,0.399570
32.249203,4.264286
29.652956,0.633492
37.818890,0.056206
32.271232,31.393404
15.383656,3.030683
24.265827,14.786843
