30.048403,3.100229
35.226771,7.270007
35.001630,7.871943
37.520157,7.979882
30.883032,7.095650
27.087947,8.505084
37.708583,0.682551
33.415940,6.607627
38.399553,5.530485
43.257095,10.136739
38.813976,11.645870
50.743110,32.675961
61.054242,66.767083
17.725632,2.184510
23.818117,11.292611
25.347052,3.511167
27.207079,15.026285
20.193673,8.322026
26.063845,12.462847
26.129660,14.774934
12.979298,4.233850
10.591640,0.153472
67.394593,1.838165
66.803333,4.584890
10.546012,3.011801
11.362872,4.823158
12.283606,11.883270
60.500348,9.883706
55.778825,4.802855
54.166173,6.374345
50.736484,2.393930
50.047609,11.608775
49.267435,11.434427
37.733827,18.538521
24.038721,4.350279
29.929688,7.107037
30.359756,5.481678
31.787603,19.128853
35.500084,12.429912
44.563139,3.673079
42.119480,9.730620
41.821325,8.219286
39.719506,10.487555
45.358221,9.697174
36.308989,9.562712
22.479822,9.550709
31.278918,8.781739
38.676922,4.619845
31.205522,2.333906
27.482778,6.510745
28.064277,5.978218
30.680482,8.234930
18.183268,3.561999
23.870210,9.050905
37.030858,32.798807
16.362185,7.890503
36.057064,0.135708
32.070573,11.555314
29.710179,13.141198
30.072419,9.909135
28.314994,0.721060
35.295395,1.904359
27.547968,1.264295
23.325569,2.141323
35.908182,2.805880
33.686835,16.261058
36.777587,0.623453
37.969090,1.841486
36.369525,5.873874
34.362857,6.389788
28.307043,0.602268
32.193071,2.429656
22.108461,6.289654
38.136033,0.399570
37.341850,4.264286
32.574850,0.633492
44.267623,0.056206
36.300214,31.393404
15.956544,3.030683
27.958647,14.786843
