34.473421,3.100229
39.978602,7.270007
39.380519,7.871943
42.071542,7.979882
34.503509,7.095650
30.081771,8.505084
42.874888,0.682551
38.184854,6.607627
44.322950,5.530485
50.562567,10.136739
45.232253,11.645870
58.538977,32.675961
70.039220,66.767083
22.248830,2.184510
29.924600,11.292611
29.902849,3.511167
36.149400,15.026285
28.628639,8.322026
36.822364,12.462847
36.955171,14.774934
18.519857,4.233850
14.826046,0.153472
75.515443,1.838165
74.681063,4.584890
14.403503,3.011801
15.066403,4.823158
16.703890,11.883270
67.835126,9.883706
62.840406,4.802855
61.191714,6.374345
57.430070,2.393930
56.976427,11.608775
56.241107,11.434427
43.152680,18.538521
30.039334,4.350279
37.412597,7.107037
37.279490,5.481678
44.372784,19.128853
48.852544,12.429912
60.359166,3.673079
56.244171,9.730620
54.887284,8.219286
51.834298,10.487555
58.409367,9.697174
46.822420,9.562712
29.446599,9.550709
41.085698,8.781739
51.517037,4.619845
41.778972,2.333906
38.250398,6.510745
39.031147,5.978218
43.662579,8.234930
25.694975,3.561999
33.695820,9.050905
43.045566,32.798807
23.167336,7.890503
40.034058,0.135708
35.568964,11.555314
32.982526,13.141198
33.433823,9.909135
31.526378,0.721060
39.262482,1.904359
30.670135,1.264295
25.992278,2.141323
40.086004,2.805880
46.396688,16.261058
44.816888,0.623453
47.631535,1.841486
47.919480,5.873874
44.234937,6.389788
34.799577,0.602268
38.227531,2.429656
27.788271,6.289654
44.715000,0.399570
45.310499,4.264286
42.876341,0.633492
52.871976,0.056206
46.027067,31.393404
22.694890,3.030683
34.175914,14.786843
