25.306877,3.100229
29.630076,7.270007
29.408636,7.871943
31.510634,7.979882
25.923654,7.095650
22.718119,8.505084
31.724749,0.682551
28.130040,6.607627
32.362575,5.530485
36.506827,10.136739
32.746376,11.645870
42.762950,32.675961
51.419598,66.767083
15.068626,2.184510
20.249823,11.292611
21.412650,3.511167
23.268770,15.026285
17.458615,8.322026
22.508356,12.462847
22.572457,14.774934
11.275860,4.233850
9.326403,0.153472
56.594650,1.838165
56.080494,4.584890
9.393861,3.011801
10.256501,4.823158
10.963361,11.883270
50.809714,9.883706
46.873842,4.802855
45.534588,6.374345
42.661929,2.393930
42.112141,11.608775
41.469083,11.434427
31.767810,18.538521
20.426286,4.350279
25.432789,7.107037
25.752161,5.481678
27.375581,19.128853
30.499468,12.429912
38.201660,3.673079
36.043622,9.730620
35.718103,8.219286
33.902104,10.487555
38.660311,9.697174
30.951919,9.562712
19.195190,9.550709
26.716679,8.781739
33.087860,4.619845
26.712317,2.333906
23.655294,6.510745
24.152653,5.978218
26.571392,8.234930
15.934300,3.561999
20.929708,9.050905
31.233425,32.798807
14.139825,7.890503
30.239405,0.135708
26.891594,11.555314
24.916033,13.141198
25.225421,9.909135
23.756414,0.721060
29.609020,1.904359
23.112631,1.264295
19.572580,2.141323
30.138488,2.805880
28.945362,16.261058
31.172103,0.623453
32.275860,1.841486
31.075369,5.873874
29.287541,6.389788
24.013795,0.602268
27.214505,2.429656
18.797093,6.289654
32.195584,0.399570
31.636753,4.264286
27.829940,0.633492
37.444212,0.056206
30.890605,31.393404
13.926857,3.030683
23.704685,14.786843
