29.937890,3.100229
35.474732,7.270007
35.585653,7.871943
38.301395,7.979882
31.672993,7.095650
28.020316,8.505084
37.901192,0.682551
33.419573,6.607627
38.045885,5.530485
42.397406,10.136739
38.138567,11.645870
50.300107,32.675961
60.834628,66.767083
16.491330,2.184510
22.145145,11.292611
24.658503,3.511167
24.337409,15.026285
16.895285,8.322026
21.960067,12.462847
21.971581,14.774934
10.527986,4.233850
7.821464,0.153472
68.859518,1.838165
68.456281,4.584890
7.122405,3.011801
6.840927,4.823158
8.161570,11.883270
61.764823,9.883706
56.622568,4.802855
54.815898,6.374345
51.235235,2.393930
50.238759,11.608775
49.321951,11.434427
37.709377,18.538521
22.432579,4.350279
27.923938,7.107037
28.675981,5.481678
27.241892,19.128853
30.874014,12.429912
39.285240,3.673079
37.538648,9.730620
37.740163,8.219286
35.985405,10.487555
41.472006,9.697174
33.166125,9.562712
20.313338,9.550709
28.209884,8.781739
34.534692,4.619845
27.757683,2.333906
23.631782,6.510745
24.151097,5.978218
25.388633,8.234930
13.902626,3.561999
18.177560,9.050905
36.464372,32.798807
13.727390,7.890503
37.309877,0.135708
33.242374,11.555314
30.749158,13.141198
31.054200,9.909135
29.176401,0.721060
36.417597,1.904359
28.388999,1.264295
24.007342,2.141323
36.865670,2.805880
29.273945,16.261058
34.925141,0.623453
35.338516,1.841486
32.729894,5.873874
31.426123,6.389788
26.715277,0.602268
31.160025,2.429656
20.549711,6.289654
37.283196,0.399570
35.569303,4.264286
29.335951,0.633492
42.658119,0.056206
33.540928,31.393404
12.546637,3.030683
26.492228,14.786843
