32.497809,3.100229
38.696633,7.270007
39.017457,7.871943
42.097457,7.979882
34.916337,7.095650
31.080649,8.505084
41.304545,0.682551
36.336419,6.607627
41.208287,5.530485
45.754603,10.136739
41.190395,11.645870
54.491031,32.675961
66.038682,66.767083
17.694276,2.184510
23.761875,11.292611
26.557051,3.511167
26.377214,15.026285
19.231166,8.322026
24.830553,12.462847
24.890107,14.774934
12.363086,4.233850
10.131556,0.153472
75.726493,1.838165
75.425486,4.584890
10.127258,3.011801
10.968462,4.823158
11.804001,11.883270
67.889585,9.883706
62.028515,4.802855
59.946872,6.374345
55.967459,2.393930
54.716413,11.608775
53.650719,11.434427
40.986941,18.538521
24.063541,4.350279
29.954551,7.107037
30.755709,5.481678
30.344295,19.128853
34.004803,12.429912
42.894255,3.673079
40.752958,9.730620
40.761609,8.219286
38.814894,10.487555
44.620323,9.697174
35.692101,9.562712
21.929387,9.550709
30.474757,8.781739
37.459475,4.619845
30.162697,2.333906
26.251428,6.510745
26.811236,5.978218
29.212615,8.234930
17.365510,3.561999
22.800981,9.050905
39.409487,32.798807
15.584114,7.890503
41.394893,0.135708
36.932542,11.555314
34.121633,13.141198
34.400920,9.909135
32.269483,0.721060
40.317529,1.904359
31.400971,1.264295
26.530431,2.141323
40.669714,2.805880
32.260478,16.261058
37.468778,0.623453
37.915046,1.841486
35.386026,5.873874
33.809955,6.389788
28.652109,0.602268
33.520311,2.429656
22.050546,6.289654
40.205837,0.399570
38.169681,4.264286
31.708114,0.633492
45.849858,0.056206
36.015854,31.393404
15.218904,3.030683
28.417635,14.786843
