19.746260,3.100229
22.973158,7.270007
22.680914,7.871943
24.250307,7.979882
19.904115,7.095650
17.373886,8.505084
24.624582,0.682551
21.898821,6.607627
25.338500,5.530485
28.779675,10.136739
25.773637,11.645870
33.471451,32.675961
40.119313,66.767083
12.269982,2.184510
16.494799,11.292611
16.961691,3.511167
19.261645,15.026285
14.240507,8.322026
18.445824,12.462847
18.474896,14.774934
8.950473,4.233850
6.671149,0.153472
43.534769,1.838165
43.075701,4.584890
6.074974,3.011801
5.832979,4.823158
6.961285,11.883270
39.101164,9.883706
36.180549,4.802855
35.206495,6.374345
33.025012,2.393930
32.711748,11.608775
32.263840,11.434427
24.742006,18.538521
16.604505,4.350279
20.676798,7.107037
20.785364,5.481678
22.623599,19.128853
25.295935,12.429912
31.696601,3.673079
29.861262,9.730620
29.491334,8.219286
27.952746,10.487555
31.756422,9.697174
25.435426,9.562712
15.841601,9.550709
22.063476,8.781739
27.401520,4.619845
22.138798,2.333906
19.571022,6.510745
19.987320,5.978218
21.487971,8.234930
11.856434,3.561999
15.502661,9.050905
24.549429,32.798807
11.555672,7.890503
23.122715,0.135708
20.547679,11.555314
19.050389,13.141198
19.305911,9.909135
18.199385,0.721060
22.669225,1.904359
17.705346,1.264295
15.002278,2.141323
23.128366,2.805880
24.004412,16.261058
25.076715,0.623453
26.275891,1.841486
25.680839,5.873874
24.054886,6.389788
19.391907,0.602268
21.628337,2.429656
15.313847,6.289654
25.422416,0.399570
25.401933,4.264286
22.993655,0.633492
29.843265,0.056206
25.245940,31.393404
10.694069,3.030683
19.095447,14.786843
