31.992086,3.100229
38.180890,7.270007
38.585745,7.871943
41.676169,7.979882
34.611999,7.095650
30.892384,8.505084
40.736579,0.682551
35.798532,6.607627
40.523618,5.530485
44.909403,10.136739
40.446455,11.645870
53.590512,32.675961
65.012053,66.767083
17.260518,2.184510
23.178228,11.292611
26.035981,3.511167
25.682191,15.026285
18.734441,8.322026
24.185149,12.462847
24.244287,14.774934
12.053442,4.233850
9.901514,0.153472
74.986969,1.838165
74.750479,4.584890
9.917966,3.011801
10.771019,4.823158
11.564349,11.883270
67.211584,9.883706
61.318372,4.802855
59.215637,6.374345
55.256688,2.393930
53.948871,11.608775
52.867544,11.434427
40.373892,18.538521
23.479241,4.350279
29.226699,7.107037
30.041772,5.481678
29.545328,19.128853
33.103357,12.429912
41.756233,3.673079
39.676364,9.730620
39.696923,8.219286
37.806314,10.487555
43.478491,9.697174
34.777066,9.562712
21.357553,9.550709
29.678198,8.781739
36.471105,4.619845
29.364977,2.333906
25.558853,6.510745
26.103581,5.978218
28.465987,8.234930
16.956609,3.561999
22.266347,9.050905
38.711860,32.798807
15.180573,7.890503
41.148516,0.135708
36.734607,11.555314
33.921049,13.141198
34.173132,9.909135
32.033713,0.721060
40.039864,1.904359
31.172566,1.264295
26.327112,2.141323
40.327721,2.805880
31.405466,16.261058
36.619540,0.623453
36.986667,1.841486
34.458826,5.873874
32.945155,6.389788
27.984731,0.602268
32.838400,2.429656
21.508472,6.289654
39.446942,0.399570
37.317202,4.264286
30.877934,0.633492
44.889954,0.056206
35.115740,31.393404
14.849885,3.030683
27.767034,14.786843
