27.245873,3.100229
31.843687,7.270007
31.557230,7.871943
33.791352,7.979882
27.780284,7.095650
24.314786,8.505084
34.105600,0.682551
30.266123,6.607627
34.874910,5.530485
39.413261,10.136739
35.338276,11.645870
46.078900,32.675961
55.358580,66.767083
16.406118,2.184510
22.049286,11.292611
23.146729,3.511167
25.455474,15.026285
19.124838,8.322026
24.664285,12.462847
24.732530,14.774934
12.325005,4.233850
10.108160,0.153472
60.682549,1.838165
60.104314,4.584890
10.105748,3.011801
10.939952,4.823158
11.779108,11.883270
54.486638,9.883706
50.310672,4.802855
48.897390,6.374345
45.828441,2.393930
45.282118,11.608775
44.610669,11.434427
34.184448,18.538521
22.229428,4.350279
27.678767,7.107037
27.973517,5.481678
30.008351,19.128853
33.425236,12.429912
41.839138,3.673079
39.443678,9.730620
39.040608,8.219286
37.039567,10.487555
42.191824,9.697174
33.783376,9.562712
20.977692,9.550709
29.203705,8.781739
36.203250,4.619845
29.236857,2.333906
25.930117,6.510745
26.475165,5.978218
29.088329,8.234930
17.323782,3.561999
22.746476,9.050905
33.693319,32.798807
15.491387,7.890503
32.363256,0.135708
28.773412,11.555314
26.665190,13.141198
27.004851,9.909135
25.440110,0.721060
31.701419,1.904359
24.750326,1.264295
20.963297,2.141323
32.291864,2.805880
31.722835,16.261058
33.831958,0.623453
35.138729,1.841486
33.975823,5.873874
31.961925,6.389788
26.088559,0.602268
29.443695,2.429656
20.468308,6.289654
34.773821,0.399570
34.319306,4.264286
30.425236,0.633492
40.541438,0.056206
33.665398,31.393404
15.180309,3.030683
25.736415,14.786843
