32.014511,3.100229
37.094174,7.270007
36.518951,7.871943
39.007462,7.979882
31.985265,7.095650
27.880188,8.505084
39.786953,0.682551
35.448871,6.607627
41.185568,5.530485
47.049608,10.136739
42.074456,11.645870
54.392358,32.675961
65.042973,66.767083
20.964995,2.184510
28.204087,11.292611
27.858500,3.511167
34.606209,15.026285
28.234482,8.322026
36.220673,12.462847
36.379170,14.774934
18.425716,4.233850
14.859979,0.153472
70.013173,1.838165
69.232293,4.584890
14.438202,3.011801
15.099752,4.823158
16.743677,11.883270
62.894486,9.883706
58.278568,4.802855
56.759108,6.374345
53.276817,2.393930
52.877987,11.608775
52.206932,11.434427
40.063405,18.538521
28.277454,4.350279
35.220740,7.107037
34.963832,5.481678
43.337520,19.128853
47.390154,12.429912
58.176664,3.673079
53.933928,9.730620
52.338995,8.219286
49.343737,10.487555
55.393510,9.697174
44.421939,9.562712
28.063131,9.550709
39.188275,8.781739
49.358721,4.619845
40.098934,2.333906
37.301550,6.510745
38.049073,5.978218
43.218304,8.234930
25.732648,3.561999
33.750535,9.050905
40.028823,32.798807
22.825526,7.890503
37.103878,0.135708
32.964582,11.555314
30.568339,13.141198
30.987997,9.909135
29.221541,0.721060
36.390929,1.904359
28.427824,1.264295
24.092739,2.141323
37.159099,2.805880
45.024573,16.261058
41.971670,0.623453
44.877298,1.841486
45.750085,5.873874
41.947009,6.389788
32.645523,0.602268
35.646886,2.429656
26.193138,6.289654
41.624345,0.399570
42.400858,4.264286
40.922333,0.633492
49.346027,0.056206
43.476004,31.393404
22.685308,3.030683
32.024901,14.786843
