34.149439,3.100229
39.572757,7.270007
38.961964,7.871943
41.617890,7.979882
34.126456,7.095650
29.747322,8.505084
42.444667,0.682551
37.814700,6.607627
43.928334,5.530485
50.172222,10.136739
44.869363,11.645870
58.015101,32.675961
69.380523,66.767083
22.308399,2.184510
30.010147,11.292611
29.701870,3.511167
36.711212,15.026285
29.748361,8.322026
38.188976,12.462847
38.348473,14.774934
19.362706,4.233850
15.544673,0.153472
74.698867,1.838165
73.866678,4.584890
15.060910,3.011801
15.697644,4.823158
17.457228,11.883270
67.103488,9.883706
62.176627,4.802855
60.554203,6.374345
56.838101,2.393930
56.409411,11.608775
55.691848,11.434427
42.736803,18.538521
30.094950,4.350279
37.484027,7.107037
37.235546,5.481678
45.772897,19.128853
50.131264,12.429912
61.628047,3.673079
57.194839,9.730620
55.566384,8.219286
52.404053,10.487555
58.872154,9.697174
47.208090,9.562712
29.797033,9.550709
41.602618,8.781739
52.352209,4.619845
42.515465,2.333906
39.411723,6.510745
40.204942,5.978218
45.489459,8.234930
26.953385,3.561999
35.345818,9.050905
42.689729,32.798807
24.055797,7.890503
39.588749,0.135708
35.172359,11.555314
32.615535,13.141198
33.063132,9.909135
31.178208,0.721060
38.827795,1.904359
30.331352,1.264295
25.705895,2.141323
39.646799,2.805880
47.624893,16.261058
44.710051,0.623453
47.754080,1.841486
48.559438,5.873874
44.582032,6.389788
34.765198,0.602268
37.999986,2.429656
27.869928,6.289654
44.384237,0.399570
45.173282,4.264286
43.437976,0.633492
52.595892,0.056206
46.241261,31.393404
23.792617,3.030683
34.110883,14.786843
