26.639869,3.100229
31.021911,7.270007
30.651058,7.871943
32.782094,7.979882
26.915842,7.095650
23.507298,8.505084
33.246511,0.682551
29.553682,6.607627
34.167748,5.530485
38.771860,10.136739
34.729541,11.645870
45.136554,32.675961
54.125735,66.767083
16.488855,2.184510
22.166522,11.292611
22.836816,3.511167
25.986492,15.026285
19.842906,8.322026
25.569624,12.462847
25.646830,14.774934
12.807328,4.233850
10.476578,0.153472
58.855153,1.838165
58.246875,4.584890
10.441270,3.011801
11.262024,4.823158
12.163581,11.883270
52.858108,9.883706
48.888606,4.802855
47.560613,6.374345
44.605793,2.393930
44.160440,11.608775
43.545619,11.434427
33.388524,18.538521
22.313218,4.350279
27.785605,7.107037
27.936501,5.481678
31.020997,19.128853
34.431933,12.429912
42.926321,3.673079
40.319610,9.730620
39.724600,8.219286
37.630987,10.487555
42.709883,9.697174
34.211477,9.562712
21.334233,9.550709
29.722057,8.781739
36.982706,4.619845
29.906516,2.333906
26.785888,6.510745
27.344036,5.978218
30.207133,8.234930
17.977993,3.561999
23.602063,9.050905
33.086001,32.798807
16.068310,7.890503
31.286186,0.135708
27.804795,11.555314
25.776453,13.141198
26.118680,9.909135
24.618344,0.721060
30.667290,1.904359
23.950217,1.264295
20.292085,2.141323
31.278204,2.805880
32.685190,16.261058
33.711035,0.623453
35.310348,1.841486
34.607353,5.873874
32.351289,6.389788
26.062989,0.602268
29.108613,2.429656
20.579593,6.289654
34.241727,0.399570
34.153060,4.264286
30.982393,0.633492
40.152110,0.056206
33.932315,31.393404
15.767968,3.030683
25.668019,14.786843
