36.210205,3.100229
41.998872,7.270007
41.374547,7.871943
44.203252,7.979882
36.252879,7.095650
31.608285,8.505084
45.040477,0.682551
40.110894,6.607627
46.551615,5.530485
53.093425,10.136739
47.498921,11.645870
61.482987,32.675961
73.567916,66.767083
23.321021,2.184510
31.365755,11.292611
31.393977,3.511167
37.811862,15.026285
29.821063,8.322026
38.371557,12.462847
38.505452,14.774934
19.261415,4.233850
15.373456,0.153472
79.342223,1.838165
78.467092,4.584890
14.901832,3.011801
15.544880,4.823158
17.274922,11.883270
71.272283,9.883706
66.021432,4.802855
64.287390,6.374345
60.334102,2.393930
59.853309,11.608775
59.078728,11.434427
45.328803,18.538521
31.491259,4.350279
39.220526,7.107037
39.101124,5.481678
46.287813,19.128853
51.008845,12.429912
63.078034,3.673079
58.817648,9.730620
57.441187,8.219286
54.258355,10.487555
61.171511,9.697174
49.034113,9.562712
30.819119,9.550709
42.995949,8.781739
53.880324,4.619845
43.685380,2.333906
39.909686,6.510745
40.726377,5.978218
45.454155,8.234930
26.668957,3.561999
34.969063,9.050905
45.204672,32.798807
24.136066,7.890503
42.065656,0.135708
37.374207,11.555314
34.656310,13.141198
35.130193,9.909135
33.125645,0.721060
41.254439,1.904359
32.225982,1.264295
27.310655,2.141323
42.118675,2.805880
48.442132,16.261058
47.016398,0.623453
49.927805,1.841486
50.141138,5.873874
46.327359,6.389788
36.498861,0.602268
40.128322,2.429656
29.126158,6.289654
46.950426,0.399570
47.539442,4.264286
44.866061,0.633492
55.493840,0.056206
48.229457,31.393404
23.575590,3.030683
35.850270,14.786843
