33.764571,3.100229
39.124287,7.270007
38.518957,7.871943
41.144203,7.979882
33.737676,7.095650
29.408043,8.505084
41.964054,0.682551
37.387578,6.607627
43.435136,5.530485
49.614245,10.136739
44.369123,11.645870
57.363512,32.675961
68.598557,66.767083
22.083651,2.184510
29.708389,11.292611
29.374305,3.511167
36.394151,15.026285
29.579309,8.322026
37.961468,12.462847
38.123087,14.774934
19.271393,4.233850
15.487831,0.153472
73.848492,1.838165
73.025287,4.584890
15.009653,3.011801
15.648434,4.823158
17.398496,11.883270
66.339716,9.883706
61.469976,4.802855
59.866670,6.374345
56.193256,2.393930
55.771052,11.608775
55.062465,11.434427
42.254288,18.538521
29.789108,4.350279
37.103324,7.107037
36.845336,5.481678
45.466732,19.128853
49.762075,12.429912
61.135614,3.673079
56.709945,9.730620
55.066206,8.219286
51.924116,10.487555
58.312719,9.697174
46.761141,9.562712
29.527213,9.550709
41.229126,8.781739
51.904146,4.619845
42.158639,2.333906
39.142113,6.510745
39.928439,5.978218
45.248731,8.234930
26.849654,3.561999
35.210821,9.050905
42.212849,32.798807
23.916551,7.890503
39.137211,0.135708
34.771132,11.555314
32.243524,13.141198
32.686102,9.909135
30.822764,0.721060
38.385071,1.904359
29.985558,1.264295
25.412883,2.141323
39.195049,2.805880
47.275907,16.261058
44.236003,0.623453
47.272444,1.841486
48.127791,5.873874
44.158011,6.389788
34.401559,0.602268
37.583680,2.429656
27.589928,6.289654
43.891949,0.399570
44.691381,4.264286
43.050579,0.633492
52.023389,0.056206
45.785245,31.393404
23.694211,3.030683
33.750885,14.786843
