34.595175,3.100229
41.298366,7.270007
41.745616,7.871943
45.093312,7.979882
37.453863,7.095650
33.435227,8.505084
44.060697,0.682551
38.714994,6.607627
43.814674,5.530485
48.542681,10.136739
43.721662,11.645870
57.943497,32.675961
70.302008,66.767083
18.625788,2.184510
25.010963,11.292611
28.136485,3.511167
27.666724,15.026285
20.101367,8.322026
25.962154,12.462847
26.022123,14.774934
12.904993,4.233850
10.534132,0.153472
81.137004,1.838165
80.886484,4.584890
10.494077,3.011801
11.325223,4.823158
12.224551,11.883270
72.722571,9.883706
66.337515,4.802855
64.058051,6.374345
59.772341,2.393930
58.349305,11.608775
57.176001,11.434427
43.662287,18.538521
25.339255,4.350279
31.541774,7.107037
32.435580,5.481678
31.751542,19.128853
35.607242,12.429912
44.949000,3.673079
42.734452,9.730620
42.782317,8.219286
40.752112,10.487555
46.884987,9.697174
37.500281,9.562712
23.018963,9.550709
31.984024,8.781739
39.285802,4.619845
31.625193,2.333906
27.473182,6.510745
28.060107,5.978218
30.519748,8.234930
18.081086,3.561999
23.736591,9.050905
41.849007,32.798807
16.291265,7.890503
44.535880,0.135708
39.760137,11.555314
36.713621,13.141198
36.984619,9.909135
34.667528,0.721060
43.333225,1.904359
33.735655,1.264295
28.490996,2.141323
43.639916,2.805880
33.779356,16.261058
39.544613,0.623453
39.912801,1.841486
37.132308,5.873874
35.526730,6.389788
30.213785,0.602268
35.482490,2.429656
23.208926,6.289654
42.635307,0.399570
40.302016,4.264286
33.274713,0.633492
48.498034,0.056206
37.883283,31.393404
15.864688,3.030683
29.982808,14.786843
