33.682082,3.100229
39.141375,7.270007
38.611730,7.871943
41.271290,7.979882
33.864460,7.095650
29.546434,8.505084
41.962939,0.682551
37.337542,6.607627
43.251147,5.530485
49.201611,10.136739
44.045433,11.645870
57.129937,32.675961
68.432654,66.767083
21.225258,2.184510
28.539216,11.292611
29.033576,3.511167
33.812586,15.026285
26.015632,8.322026
33.530278,12.462847
33.630496,14.774934
16.735700,4.233850
13.423481,0.153472
74.086776,1.838165
73.291744,4.584890
13.124972,3.011801
13.838804,4.823158
15.238823,11.883270
66.545423,9.883706
61.600734,4.802855
59.957632,6.374345
56.253106,2.393930
55.751587,11.608775
55.003916,11.434427
42.188739,18.538521
28.697462,4.350279
35.737835,7.107037
35.804328,5.481678
40.656122,19.128853
45.052491,12.429912
56.035116,3.673079
52.508090,9.730620
51.573832,8.219286
48.804686,10.487555
55.252722,9.697174
44.270461,9.562712
27.688166,9.550709
38.593618,8.781739
48.141386,4.619845
38.964563,2.333906
35.095651,6.510745
35.824241,5.978218
39.573878,8.234930
23.213480,3.561999
30.448203,9.050905
41.940047,32.798807
21.069031,7.890503
39.322485,0.135708
34.940840,11.555314
32.396782,13.141198
32.834649,9.909135
30.955993,0.721060
38.556351,1.904359
30.115505,1.264295
25.519458,2.141323
39.347690,2.805880
42.771820,16.261058
43.139000,0.623453
45.448218,1.841486
44.962243,5.873874
41.849298,6.389788
33.411006,0.602268
37.055669,2.429656
26.498249,6.289654
43.479725,0.399570
43.667082,4.264286
40.245275,0.633492
51.174061,0.056206
43.766311,31.393404
20.484006,3.030683
32.867059,14.786843
