26.979131,3.100229
31.348711,7.270007
30.922380,7.871943
33.051532,7.979882
27.119263,7.095650
23.660564,8.505084
33.609084,0.682551
29.905915,6.607627
34.646224,5.530485
39.419119,10.136739
35.286678,11.645870
45.763509,32.675961
54.814066,66.767083
17.030524,2.184510
22.899680,11.292611
23.264119,3.511167
27.193601,15.026285
21.086782,8.322026
27.149210,12.462847
27.238383,14.774934
13.633098,4.233850
11.109040,0.153472
59.331075,1.838165
58.693550,4.584890
11.017345,3.011801
11.815135,4.823158
12.823703,11.883270
53.291944,9.883706
49.333707,4.802855
48.018824,6.374345
45.052663,2.393930
44.653247,11.608775
44.055551,11.434427
33.791798,18.538521
23.023048,4.350279
28.671567,7.107037
28.711627,5.481678
32.841801,19.128853
36.329132,12.429912
45.122481,3.673079
42.241752,9.730620
41.451326,8.219286
39.215314,10.487555
44.371675,9.697174
35.554137,9.562712
22.251717,9.550709
31.020032,8.781739
38.723004,4.619845
31.351290,2.333906
28.338042,6.510745
28.923472,5.978218
32.131548,8.234930
19.100311,3.561999
25.070043,9.050905
33.598860,32.798807
17.070223,7.890503
31.489125,0.135708
27.980204,11.555314
25.943062,13.141198
26.293883,9.909135
24.789643,0.721060
30.875888,1.904359
24.116569,1.264295
20.436139,2.141323
31.510187,2.805880
34.493088,16.261058
34.587320,0.623453
36.465720,1.841486
36.144410,5.873874
33.607369,6.389788
26.793159,0.602268
29.695181,2.429656
21.262289,6.289654
34.836399,0.399570
35.007514,4.264286
32.350868,0.633492
41.013282,0.056206
35.127894,31.393404
16.774736,3.030683
26.353458,14.786843
