27.045897,3.100229
31.903223,7.270007
31.868699,7.871943
34.237607,7.979882
28.251608,7.095650
24.891232,8.505084
34.113575,0.682551
30.143550,6.607627
34.448993,5.530485
38.553540,10.136739
34.646934,11.645870
45.535769,32.675961
54.956173,66.767083
15.263584,2.184510
20.500326,11.292611
22.486519,3.511167
22.740681,15.026285
15.893683,8.322026
20.653483,12.462847
20.665815,14.774934
9.908035,4.233850
7.361378,0.153472
61.528206,1.838165
61.084734,4.584890
6.703424,3.011801
6.437255,4.823158
7.681432,11.883270
55.209616,9.883706
50.743205,4.802855
49.191585,6.374345
46.021582,2.393930
45.243015,11.608775
44.468393,11.434427
34.023637,18.538521
20.744201,4.350279
25.823891,7.107037
26.419290,5.481678
25.597447,19.128853
28.971437,12.429912
36.799311,3.673079
35.099819,9.730620
35.201223,8.219286
33.535297,10.487555
38.564506,9.697174
30.848282,9.562712
18.941264,9.550709
26.315416,8.781739
32.280000,4.619845
25.963295,2.333906
22.199557,6.510745
22.685917,5.978218
23.889115,8.234930
13.084819,3.561999
17.108287,9.050905
33.098265,32.798807
12.912540,7.890503
33.138321,0.135708
29.500504,11.555314
27.308239,13.141198
27.609318,9.909135
25.966759,0.721060
32.390660,1.904359
25.264717,1.264295
21.378160,2.141323
32.867045,2.805880
27.472351,16.261058
32.120535,0.623453
32.704063,1.841486
30.545841,5.873874
29.221199,6.389788
24.619297,0.602268
28.468592,2.429656
19.024949,6.289654
33.936089,0.399570
32.679785,4.264286
27.374286,0.633492
39.035705,0.056206
31.103945,31.393404
11.808532,3.030683
24.382338,14.786843
