27.008729,3.100229
31.772041,7.270007
31.666937,7.871943
33.990564,7.979882
28.020371,7.095650
24.645977,8.505084
33.989389,0.682551
30.071937,6.607627
34.454489,5.530485
38.683392,10.136739
34.736777,11.645870
45.536821,32.675961
54.879454,66.767083
15.629957,2.184510
20.999051,11.292611
22.616243,3.511167
23.822962,15.026285
17.669707,8.322026
22.792991,12.462847
22.854051,14.774934
11.396768,4.233850
9.414354,0.153472
61.072534,1.838165
60.594937,4.584890
9.473953,3.011801
10.333900,4.823158
11.055143,11.883270
54.810342,9.883706
50.439385,4.802855
48.931861,6.374345
45.801735,2.393930
45.092783,11.608775
44.351294,11.434427
33.949511,18.538521
21.211373,4.350279
26.408148,7.107037
26.868124,5.481678
27.774462,19.128853
31.018365,12.429912
38.963813,3.673079
36.864610,9.730620
36.663425,8.219286
34.842261,10.487555
39.851968,9.697174
31.895588,9.562712
19.711361,9.550709
27.418819,8.781739
33.858749,4.619845
27.306553,2.333906
24.011562,6.510745
24.519374,5.978218
26.875359,8.234930
16.090680,3.561999
21.134156,9.050905
33.162770,32.798807
14.313667,7.890503
32.809881,0.135708
29.198794,11.555314
27.036487,13.141198
27.346137,9.909135
25.729941,0.721060
32.086978,1.904359
25.033793,1.264295
21.188015,2.141323
32.590993,2.805880
29.433457,16.261058
32.593293,0.623453
33.482930,1.841486
31.871168,5.873874
30.192711,6.389788
25.046286,0.602268
28.681932,2.429656
19.490497,6.289654
34.077533,0.399570
33.120250,4.264286
28.548754,0.633492
39.389415,0.056206
31.960325,31.393404
14.068332,3.030683
24.763466,14.786843
