29.894251,3.100229
34.710302,7.270007
34.219745,7.871943
36.568762,7.979882
29.999213,7.095650
26.165396,8.505084
37.217615,0.682551
33.128071,6.607627
38.406625,5.530485
43.739241,10.136739
39.144761,11.645870
50.728540,32.675961
60.736405,66.767083
19.012092,2.184510
25.566351,11.292611
25.832630,3.511167
30.515021,15.026285
23.775863,8.322026
30.609469,12.462847
30.710919,14.774934
15.356957,4.233850
12.409153,0.153472
65.642223,1.838165
64.928703,4.584890
12.201459,3.011801
12.952076,4.823158
14.180574,11.883270
58.962881,9.883706
54.598676,4.802855
53.152439,6.374345
49.875351,2.393930
49.451733,11.608775
48.798806,11.434427
37.434655,18.538521
25.691620,4.350279
31.995756,7.107037
31.989722,5.481678
37.004199,19.128853
40.890065,12.429912
50.719936,3.673079
47.422441,9.730620
46.462411,8.219286
43.933425,10.487555
49.649782,9.697174
39.788504,9.562712
24.937402,9.550709
34.772725,8.781739
43.462327,4.619845
35.204508,2.333906
31.923156,6.510745
32.580958,5.978218
36.224596,8.234930
21.409003,3.561999
28.089277,9.050905
37.265219,32.798807
19.246880,7.890503
34.822406,0.135708
30.940538,11.555314
28.689083,13.141198
29.079019,9.909135
27.417396,0.721060
34.147273,1.904359
26.672880,1.264295
22.603329,2.141323
34.854982,2.805880
38.826149,16.261058
38.510583,0.623453
40.706613,1.841486
40.528343,5.873874
37.603850,6.389788
29.855286,0.602268
32.991174,2.429656
23.739183,6.289654
38.663659,0.399570
38.964035,4.264286
36.271357,0.633492
45.587428,0.056206
39.251093,31.393404
18.851698,3.030683
29.350664,14.786843
