27.981902,3.100229
33.193138,7.270007
33.331327,7.871943
35.891519,7.979882
29.696275,7.095650
26.299255,8.505084
35.456424,0.682551
31.247931,6.607627
35.540946,5.530485
39.566303,10.136739
35.599954,11.645870
46.990527,32.675961
56.860460,66.767083
15.329169,2.184510
20.583723,11.292611
22.996849,3.511167
22.577507,15.026285
15.654033,8.322026
20.347442,12.462847
20.357878,14.774934
9.753941,4.233850
7.246356,0.153472
64.533619,1.838165
64.177721,4.584890
6.598708,3.011801
6.338378,4.823158
7.561475,11.883270
57.879169,9.883706
53.026527,4.802855
51.317239,6.374345
47.954059,2.393930
46.991932,11.608775
46.121607,11.434427
35.256293,18.538521
20.855713,4.350279
25.960708,7.107037
26.681934,5.481678
25.245260,19.128853
28.618004,12.429912
36.426665,3.673079
34.819399,9.730620
35.023675,8.219286
33.401173,10.487555
38.511103,9.697174
30.796687,9.562712
18.852329,9.550709
26.178699,8.781739
32.035212,4.619845
25.745198,2.333906
21.900720,6.510745
22.382251,5.978218
23.522587,8.234930
12.880374,3.561999
16.840975,9.050905
34.043866,32.798807
12.719034,7.890503
35.019636,0.135708
31.208757,11.555314
28.862444,13.141198
29.140482,9.909135
27.371072,0.721060
34.169836,1.904359
26.632732,1.264295
22.518658,2.141323
34.569233,2.805880
27.134426,16.261058
32.509117,0.623453
32.848950,1.841486
30.370439,5.873874
29.182807,6.389788
24.856145,0.602268
29.047795,2.429656
19.100444,6.289654
34.785720,0.399570
33.116206,4.264286
27.221984,0.633492
39.752048,0.056206
31.164341,31.393404
11.624096,3.030683
24.655633,14.786843
