28.844330,3.100229
33.813021,7.270007
33.595263,7.871943
36.011921,7.979882
29.641007,7.095650
25.997714,8.505084
36.195623,0.682551
32.076159,6.607627
36.862220,5.530485
41.528656,10.136739
37.262330,11.645870
48.711436,32.675961
58.607699,66.767083
17.027147,2.184510
22.879772,11.292611
24.335776,3.511167
26.153481,15.026285
19.449519,8.322026
25.097270,12.462847
25.162371,14.774934
12.514957,4.233850
10.246576,0.153472
64.685209,1.838165
64.116916,4.584890
10.231789,3.011801
11.061153,4.823158
11.923539,11.883270
58.068335,9.883706
53.538027,4.802855
51.990966,6.374345
48.699552,2.393930
48.039932,11.608775
47.291814,11.434427
36.221093,18.538521
23.090466,4.350279
28.749140,7.107037
29.157506,5.481678
30.591634,19.128853
34.149431,12.429912
42.852131,3.673079
40.491716,9.730620
40.194390,8.219286
38.171372,10.487555
43.582980,9.697174
34.888510,9.562712
21.604734,9.550709
30.062461,8.781739
37.180644,4.619845
30.000878,2.333906
26.446017,6.510745
27.004917,5.978218
29.561420,8.234930
17.569919,3.561999
23.068260,9.050905
35.549913,32.798807
15.757709,7.890503
34.605805,0.135708
30.779590,11.555314
28.514355,13.141198
28.862239,9.909135
27.175749,0.721060
33.875131,1.904359
26.439575,1.264295
22.387170,2.141323
34.463914,2.805880
32.405896,16.261058
35.318918,0.623453
36.472704,1.841486
34.956638,5.873874
33.017818,6.389788
27.186356,0.602268
30.910078,2.429656
21.237559,6.289654
36.612975,0.399570
35.859552,4.264286
31.308919,0.633492
42.505222,0.056206
34.873412,31.393404
15.403033,3.030683
26.850446,14.786843
