24.721640,3.100229
29.161540,7.270007
29.129983,7.871943
31.295313,7.979882
25.823736,7.095650
22.752142,8.505084
31.181940,0.682551
27.553089,6.607627
31.488532,5.530485
35.240345,10.136739
31.669463,11.645870
41.622539,32.675961
50.233377,66.767083
13.951869,2.184510
18.738579,11.292611
20.554084,3.511167
20.786404,15.026285
14.527820,8.322026
18.878574,12.462847
18.889847,14.774934
9.056563,4.233850
6.728759,0.153472
56.240626,1.838165
55.835264,4.584890
6.127348,3.011801
5.884054,4.823158
7.021309,11.883270
50.465039,9.883706
46.382461,4.802855
44.964183,6.374345
42.066602,2.393930
41.354943,11.608775
40.646890,11.434427
31.099731,18.538521
18.961496,4.350279
23.604650,7.107037
24.148882,5.481678
23.397667,19.128853
26.481704,12.429912
33.636870,3.673079
32.083428,9.730620
32.176118,8.219286
30.653357,10.487555
35.250369,9.697174
28.197258,9.562712
17.313499,9.550709
24.053935,8.781739
29.505938,4.619845
23.732074,2.333906
20.291783,6.510745
20.736346,5.978218
21.836144,8.234930
11.960342,3.561999
15.638044,9.050905
30.253882,32.798807
11.802869,7.890503
30.290497,0.135708
26.965305,11.555314
24.961437,13.141198
25.236642,9.909135
23.735240,0.721060
29.607088,1.904359
23.093530,1.264295
19.540974,2.141323
30.042534,2.805880
25.111446,16.261058
29.360177,0.623453
29.893558,1.841486
27.920808,5.873874
26.710002,6.389788
22.503576,0.602268
26.022073,2.429656
17.389992,6.289654
31.019707,0.399570
29.871366,4.264286
25.021809,0.633492
35.681074,0.056206
28.430949,31.393404
10.793737,3.030683
22.286981,14.786843
