35.994572,3.100229
42.873592,7.270007
43.240292,7.871943
46.658639,7.979882
38.704118,7.095650
34.459793,8.505084
45.760537,0.682551
40.250696,6.607627
45.634641,5.530485
50.651953,10.136739
45.602941,11.645870
60.345033,32.675961
73.144619,66.767083
19.548484,2.184510
26.251122,11.292611
29.392245,3.511167
29.080200,15.026285
21.095115,8.322026
27.253649,12.462847
27.314349,14.774934
13.524290,4.233850
10.994217,0.153472
83.933282,1.838165
83.606014,4.584890
10.912840,3.011801
11.723705,4.823158
12.704226,11.883270
75.245448,9.883706
68.739002,4.802855
66.426607,6.374345
62.013413,2.393930
60.617091,11.608775
59.431863,11.434427
45.401187,18.538521
26.588876,4.350279
33.097792,7.107037
34.001208,5.481678
33.352373,19.128853
37.418105,12.429912
47.245269,3.673079
44.918825,9.730620
44.962091,8.219286
42.824378,10.487555
49.253918,9.697174
39.396548,9.562712
24.191069,9.550709
33.614034,8.781739
41.293479,4.619845
33.241909,2.333906
28.861452,6.510745
29.478768,5.978218
32.013175,8.234930
18.898888,3.561999
24.805859,9.050905
43.634236,32.798807
17.098653,7.890503
45.895779,0.135708
40.949993,11.555314
37.831899,13.141198
38.139418,9.909135
35.774412,0.721060
44.698086,1.904359
34.811658,1.264295
29.411156,2.141323
45.082852,2.805880
35.496615,16.261058
41.431782,0.623453
41.888948,1.841486
39.026286,5.873874
37.321409,6.389788
31.674545,0.602268
37.092340,2.429656
24.360194,6.289654
44.505546,0.399570
42.211933,4.264286
34.971484,0.633492
50.727713,0.056206
39.777024,31.393404
16.602726,3.030683
31.420529,14.786843
