28.310326,3.100229
33.253968,7.270007
33.099183,7.871943
35.507165,7.979882
29.250882,7.095650
25.696050,8.505084
35.584294,0.682551
31.504790,6.607627
36.142049,5.530485
40.635671,10.136739
36.478020,11.645870
47.764092,32.675961
57.523552,66.767083
16.514170,2.184510
22.188303,11.292611
23.780055,3.511167
25.238773,15.026285
18.715850,8.322026
24.149425,12.462847
24.212237,14.774934
12.051863,4.233850
9.901512,0.153472
63.789234,1.838165
63.263449,4.584890
9.917567,3.011801
10.759650,4.823158
11.563476,11.883270
57.255252,9.883706
52.732254,4.802855
51.178706,6.374345
47.919374,2.393930
47.217137,11.608775
46.458135,11.434427
35.570823,18.538521
22.405114,4.350279
27.894912,7.107037
28.346401,5.481678
29.441632,19.128853
32.883993,12.429912
41.299948,3.673079
39.061501,9.730620
38.825190,8.219286
36.888092,10.487555
42.166195,9.697174
33.750111,9.562712
20.871995,9.550709
29.036454,8.781739
35.873803,4.619845
28.935975,2.333906
25.454212,6.510745
25.992802,5.978218
28.451531,8.234930
16.956594,3.561999
22.266333,9.050905
34.815419,32.798807
15.162911,7.890503
34.206209,0.135708
30.433703,11.555314
28.186210,13.141198
28.518426,9.909135
26.841420,0.721060
33.466549,1.904359
26.114802,1.264295
22.107037,2.141323
34.016985,2.805880
31.203818,16.261058
34.366998,0.623453
35.375904,1.841486
33.755432,5.873874
31.945475,6.389788
26.426559,0.602268
30.176660,2.429656
20.594841,6.289654
35.808983,0.399570
34.911009,4.264286
30.235446,0.633492
41.464096,0.056206
33.788588,31.393404
14.849714,3.030683
26.117214,14.786843
