28.258890,3.100229
33.140730,7.270007
32.939689,7.871943
35.314808,7.979882
29.072478,7.095650
25.507425,8.505084
35.473267,0.682551
31.429823,6.607627
36.106155,5.530485
40.659833,10.136739
36.486296,11.645870
47.713241,32.675961
57.418349,66.767083
16.641013,2.184510
22.360493,11.292611
23.819898,3.511167
25.537626,15.026285
18.992975,8.322026
24.505580,12.462847
24.569838,14.774934
12.228689,4.233850
10.033584,0.153472
63.435260,1.838165
62.885135,4.584890
10.037835,3.011801
10.874958,4.823158
11.701288,11.883270
56.944428,9.883706
52.490123,4.802855
50.967134,6.374345
47.736500,2.393930
47.078812,11.608775
46.340707,11.434427
35.490177,18.538521
22.568844,4.350279
28.099506,7.107037
28.509632,5.481678
29.865274,19.128853
33.337384,12.429912
41.835873,3.673079
39.536146,9.730620
39.253771,8.219286
37.280988,10.487555
42.574983,9.697174
34.080827,9.562712
21.099687,9.550709
29.358622,8.781739
36.304152,4.619845
29.292141,2.333906
25.817625,6.510745
26.363154,5.978218
28.873154,8.234930
17.191336,3.561999
22.573263,9.050905
34.812416,32.798807
15.387157,7.890503
33.953578,0.135708
30.201431,11.555314
27.977164,13.141198
28.316095,9.909135
26.659332,0.721060
33.233091,1.904359
25.937250,1.264295
21.960776,2.141323
33.804260,2.805880
31.635280,16.261058
34.540319,0.623453
35.645986,1.841486
34.136868,5.873874
32.254356,6.389788
26.581572,0.602268
30.249120,2.429656
20.755381,6.289654
35.843513,0.399570
35.072684,4.264286
30.575083,0.633492
41.589590,0.056206
34.075978,31.393404
15.061434,3.030683
26.256597,14.786843
