22.477614,3.100229
26.453059,7.270007
26.369010,7.871943
28.303572,7.979882
23.330851,7.095650
20.516264,8.505084
28.297669,0.682551
25.031573,6.607627
28.664336,5.530485
32.152584,10.136739
28.879454,11.645870
37.885528,32.675961
45.672810,66.767083
12.856258,2.184510
17.268981,11.292611
18.781888,3.511167
19.265477,15.026285
13.528249,8.322026
17.576327,12.462847
17.587866,14.774934
8.436667,4.233850
6.268673,0.153472
50.854042,1.838165
50.454417,4.584890
5.708382,3.011801
5.481424,4.823158
6.541213,11.883270
45.639948,9.883706
42.000546,4.802855
40.744038,6.374345
38.136372,2.393930
37.540178,11.608775
36.919128,11.434427
28.258267,18.538521
17.463450,4.350279
21.740580,7.107037
22.193229,5.481678
21.768162,19.128853
24.613620,12.429912
31.226382,3.673079
29.748990,9.730620
29.788165,8.219286
28.363026,10.487555
32.573127,9.697174
26.059474,9.562712
16.025663,9.550709
22.270535,8.781739
27.353020,4.619845
22.010230,2.333906
18.874998,6.510745
19.287597,5.978218
20.337881,8.234930
11.142532,3.561999
14.568768,9.050905
27.576256,32.798807
10.990037,7.890503
27.311888,0.135708
24.304224,11.555314
22.505760,13.141198
22.765375,9.909135
21.421359,0.721060
26.712802,1.904359
20.841721,1.264295
17.640563,2.141323
27.135967,2.805880
23.341442,16.261058
26.955658,0.623453
27.544312,1.841486
25.858139,5.873874
24.680514,6.389788
20.684251,0.602268
23.802767,2.429656
16.026931,6.289654
28.316625,0.399570
27.409234,4.264286
23.171127,0.633492
32.666692,0.056206
26.228300,31.393404
10.055620,3.030683
20.470103,14.786843
