27.038220,3.100229
31.692396,7.270007
31.485713,7.871943
33.749568,7.979882
27.777971,7.095650
24.362364,8.505084
33.926181,0.682551
30.066486,6.607627
34.556220,5.530485
38.935997,10.136739
34.934863,11.645870
45.663926,32.675961
54.937885,66.767083
15.979419,2.184510
21.472256,11.292611
22.818862,3.511167
24.573084,15.026285
18.333288,8.322026
23.647407,12.462847
23.711438,14.774934
11.818444,4.233850
9.728979,0.153472
60.621133,1.838165
60.087290,4.584890
9.760455,3.011801
10.608575,4.823158
11.383439,11.883270
54.420315,9.883706
50.176829,4.802855
48.728155,6.374345
45.644155,2.393930
45.028416,11.608775
44.328384,11.434427
33.951992,18.538521
21.668085,4.350279
26.978318,7.107037
27.354131,5.481678
28.797682,19.128853
32.123452,12.429912
40.285619,3.673079
38.050071,9.730620
37.753987,8.219286
35.849170,10.487555
40.920117,9.697174
32.757791,9.562712
20.292102,9.550709
28.237775,8.781739
34.936228,4.619845
28.193914,2.333906
24.890875,6.510745
25.415877,5.978218
27.882828,8.234930
16.649895,3.561999
21.865336,9.050905
33.328496,32.798807
14.850995,7.890503
32.428918,0.135708
28.843115,11.555314
26.720620,13.141198
27.046970,9.909135
25.466883,0.721060
31.744736,1.904359
24.776984,1.264295
20.979572,2.141323
32.297512,2.805880
30.484486,16.261058
33.130913,0.623453
34.228124,1.841486
32.837307,5.873874
31.000261,6.389788
25.505325,0.602268
28.985589,2.429656
19.931207,6.289654
34.328390,0.399570
33.636105,4.264286
29.410022,0.633492
39.861621,0.056206
32.733209,31.393404
14.572767,3.030683
25.188144,14.786843
