20.895631,3.100229
24.262308,7.270007
23.919941,7.871943
25.562203,7.979882
20.970238,7.095650
18.290708,8.505084
26.014814,0.682551
23.156090,6.607627
26.845669,5.530485
30.573803,10.136739
27.362021,11.645870
35.458496,32.675961
42.453834,66.767083
13.302206,2.184510
17.888496,11.292611
18.057747,3.511167
21.407109,15.026285
16.883939,8.322026
21.697735,12.462847
21.780547,14.774934
11.002658,4.233850
9.153630,0.153472
45.885171,1.838165
45.386769,4.584890
9.236749,3.011801
10.105468,4.823158
10.783326,11.883270
41.216092,9.883706
38.164866,4.802855
37.153654,6.374345
34.862794,2.393930
34.566290,11.608775
34.109770,11.434427
26.166316,18.538521
17.973608,4.350279
22.384096,7.107037
22.371464,5.481678
26.129095,19.128853
28.793447,12.429912
35.642334,3.673079
33.280987,9.730620
32.568127,8.219286
30.785594,10.487555
34.769045,9.697174
27.865026,9.562712
17.478086,9.550709
24.375387,8.781739
30.495709,4.619845
24.711801,2.333906
22.526007,6.510745
22.986551,5.978218
25.801383,8.234930
15.624337,3.561999
20.525286,9.050905
26.048082,32.798807
13.657981,7.890503
24.342340,0.135708
21.628838,11.555314
20.054897,13.141198
20.327367,9.909135
19.165721,0.721060
23.870223,1.904359
18.645283,1.264295
15.800471,2.141323
24.364618,2.805880
27.343756,16.261058
26.928425,0.623453
28.480804,1.841486
28.415416,5.873874
26.333061,6.389788
20.879214,0.602268
23.062682,2.429656
16.610239,6.289654
27.026253,0.399570
27.243879,4.264286
25.429124,0.633492
31.869585,0.056206
27.471106,31.393404
13.637687,3.030683
20.524342,14.786843
