31.756693,3.100229
37.348717,7.270007
37.215839,7.871943
39.941888,7.979882
32.921638,7.095650
28.948629,8.505084
39.957076,0.682551
35.355712,6.607627
40.515354,5.530485
45.494733,10.136739
40.852061,11.645870
53.546746,32.675961
64.526814,66.767083
18.375457,2.184510
24.687224,11.292611
26.600126,3.511167
27.955736,15.026285
20.581825,8.322026
26.576007,12.462847
26.639707,14.774934
13.213331,4.233850
10.764173,0.153472
71.763629,1.838165
71.195928,4.584890
10.703126,3.011801
11.514143,4.823158
12.463647,11.883270
64.406801,9.883706
59.280277,4.802855
57.513321,6.374345
53.837231,2.393930
53.011510,11.608775
52.142916,11.434427
39.915220,18.538521
24.939229,4.350279
31.049162,7.107037
31.597516,5.481678
32.457323,19.128853
36.309623,12.429912
45.670627,3.673079
43.248408,9.730620
43.047985,8.219286
40.918832,10.487555
46.823328,9.697174
37.473513,9.562712
23.145695,9.550709
32.192399,8.781739
39.727419,4.619845
32.030502,2.333906
28.071475,6.510745
28.667890,5.978218
31.253943,8.234930
18.489976,3.561999
24.271216,9.050905
38.999922,32.798807
16.679293,7.890503
38.537345,0.135708
34.293761,11.555314
31.755871,13.141198
32.122109,9.909135
30.225881,0.721060
37.692008,1.904359
29.407987,1.264295
24.891289,2.141323
38.290439,2.805880
34.451456,16.261058
38.332973,0.623453
39.364817,1.841486
37.414953,5.873874
35.474733,6.389788
29.454642,0.602268
33.735060,2.429656
22.913534,6.289654
40.078862,0.399570
38.953808,4.264286
33.516107,0.633492
46.329269,0.056206
37.566518,31.393404
16.233576,3.030683
29.123607,14.786843
