24.067627,3.100229
28.013853,7.270007
27.669318,7.871943
29.589143,7.979882
24.290891,7.095650
21.210094,8.505084
30.025042,0.682551
26.695605,6.607627
30.876705,5.530485
35.056805,10.136739
31.397582,11.645870
40.788040,32.675961
48.899384,66.767083
14.960963,2.184510
20.113559,11.292611
20.657278,3.511167
23.659131,15.026285
18.188251,8.322026
23.420685,12.462847
23.496206,14.774934
11.774953,4.233850
9.709785,0.153472
53.121232,1.838165
52.567612,4.584890
9.743018,3.011801
10.591581,4.823158
11.363457,11.883270
47.709654,9.883706
44.135030,4.802855
42.940878,6.374345
40.276270,2.393930
39.883537,11.608775
39.332724,11.434427
30.160579,18.538521
20.240839,4.350279
25.205388,7.107037
25.318918,5.481678
28.364085,19.128853
31.435297,12.429912
39.137016,3.673079
36.721387,9.730620
36.137395,8.219286
34.220604,10.487555
38.807963,9.697174
31.088545,9.562712
19.405345,9.550709
27.039558,8.781739
33.676307,4.619845
27.242659,2.333906
24.483218,6.510745
24.991321,5.978218
27.718725,8.234930
16.614958,3.561999
21.819925,9.050905
29.908380,32.798807
14.724289,7.890503
28.228603,0.135708
25.086487,11.555314
23.257219,13.141198
23.567231,9.909135
22.214641,0.721060
27.672056,1.904359
21.611692,1.264295
18.311339,2.141323
28.226979,2.805880
29.842977,16.261058
30.540746,0.623453
32.037462,1.841486
31.490216,5.873874
29.395119,6.389788
23.622346,0.602268
26.338415,2.429656
18.674026,6.289654
30.965057,0.399570
30.934695,4.264286
28.189905,0.633492
36.340824,0.056206
30.805093,31.393404
14.537737,3.030683
23.257700,14.786843
