36.549864,3.100229
43.424906,7.270007
43.686448,7.871943
47.085623,7.979882
39.003803,7.095650
34.628700,8.505084
46.371001,0.682551
40.836257,6.607627
46.394914,5.530485
51.607926,10.136739
46.441059,11.645870
61.344070,32.675961
74.271678,66.767083
20.068056,2.184510
26.950603,11.292611
29.988005,3.511167
29.934342,15.026285
21.715575,8.322026
28.059477,12.462847
28.120810,14.774934
13.911321,4.233850
11.281770,0.153472
84.679130,1.838165
84.274516,4.584890
11.174569,3.011801
11.971976,4.823158
13.004014,11.883270
75.932334,9.883706
69.477610,4.802855
67.196040,6.374345
62.766745,2.393930
61.444930,11.608775
60.282403,11.434427
46.069762,18.538521
27.287037,4.350279
33.967633,7.107037
34.845151,5.481678
34.347993,19.128853
38.537913,12.429912
48.652795,3.673079
46.244245,9.730620
46.264421,8.219286
44.055238,10.487555
50.639326,9.697174
40.507491,9.562712
24.890002,9.550709
34.588714,8.781739
42.509208,4.619845
34.224879,2.333906
29.723992,6.510745
30.359957,5.978218
32.946161,8.234930
19.410014,3.561999
25.474152,9.050905
44.417429,32.798807
17.602642,7.890503
46.115644,0.135708
41.120708,11.555314
38.010214,13.141198
38.349108,9.909135
35.997160,0.721060
44.956427,1.904359
35.027204,1.264295
29.605526,2.141323
45.416948,2.805880
36.558962,16.261058
42.430421,0.623453
43.000654,1.841486
40.162186,5.873874
38.370522,6.389788
32.464057,0.602268
37.877210,2.429656
25.010000,6.289654
45.367192,0.399570
43.211272,4.264286
35.988128,0.633492
51.838568,0.056206
40.861015,31.393404
17.063998,3.030683
32.187251,14.786843
