25.778120,3.100229
30.407759,7.270007
30.374854,7.871943
32.632720,7.979882
26.927314,7.095650
23.724456,8.505084
32.514501,0.682551
28.730571,6.607627
32.834196,5.530485
36.746343,10.136739
33.022859,11.645870
43.401280,32.675961
52.380102,66.767083
14.548103,2.184510
19.539373,11.292611
21.432463,3.511167
21.674712,15.026285
15.148667,8.322026
19.685351,12.462847
19.697105,14.774934
9.443596,4.233850
7.016313,0.153472
58.644072,1.838165
58.221387,4.584890
6.389201,3.011801
6.135509,4.823158
7.321365,11.883270
52.621665,9.883706
48.364618,4.802855
46.885730,6.374345
43.864320,2.393930
43.122249,11.608775
42.383937,11.434427
32.428779,18.538521
19.771816,4.350279
24.613396,7.107037
25.180886,5.481678
24.397567,19.128853
27.613401,12.429912
35.074344,3.673079
33.454515,9.730620
33.551166,8.219286
31.963330,10.487555
36.756795,9.697174
29.402269,9.562712
18.053392,9.550709
25.081881,8.781739
30.766875,4.619845
24.746266,2.333906
21.158953,6.510745
21.622514,5.978218
22.769312,8.234930
12.471468,3.561999
16.306336,9.050905
31.546783,32.798807
12.307265,7.890503
31.584962,0.135708
28.117668,11.555314
26.028165,13.141198
26.315131,9.909135
24.749567,0.721060
30.872348,1.904359
24.080433,1.264295
20.376059,2.141323
31.326403,2.805880
26.184585,16.261058
30.614885,0.623453
31.171060,1.841486
29.114005,5.873874
27.851455,6.389788
23.465267,0.602268
27.134127,2.429656
18.133154,6.289654
32.345335,0.399570
31.147920,4.264286
26.091117,0.633492
37.205906,0.056206
29.645947,31.393404
11.255007,3.030683
23.239416,14.786843
