32.968243,3.100229
38.290169,7.270007
37.756456,7.871943
40.351069,7.979882
33.104350,7.095650
28.876662,8.505084
41.054212,0.682551
36.538452,6.607627
42.348768,5.530485
48.210520,10.136739
43.150412,11.645870
55.936293,32.675961
66.982018,66.767083
20.898603,2.184510
28.102006,11.292611
28.464890,3.511167
33.443471,15.026285
25.900816,8.322026
33.366115,12.462847
33.470672,14.774934
16.686161,4.233850
13.396680,0.153472
72.432635,1.838165
71.648471,4.584890
13.100685,3.011801
13.815482,4.823158
15.210993,11.883270
65.061493,9.883706
60.239889,4.802855
58.640638,6.374345
55.022689,2.393930
54.547777,11.608775
53.823842,11.434427
41.287535,18.538521
28.246516,4.350279
35.177075,7.107037
35.197116,5.481678
40.399722,19.128853
44.702788,12.429912
55.517236,3.673079
51.957269,9.730620
50.958120,8.219286
48.199616,10.487555
54.509409,9.697174
43.679771,9.562712
27.353293,9.550709
38.135522,8.781739
47.625999,4.619845
38.564560,2.333906
34.863263,6.510745
35.584281,5.978218
39.424432,8.234930
23.164568,3.561999
30.384608,9.050905
41.081693,32.798807
20.972201,7.890503
38.430835,0.135708
34.147271,11.555314
31.662021,13.141198
32.091627,9.909135
30.257125,0.721060
37.684615,1.904359
29.435532,1.264295
24.944098,2.141323
38.463283,2.805880
42.443354,16.261058
42.384740,0.623453
44.746924,1.841486
44.439915,5.873874
41.285172,6.389788
32.847104,0.602268
36.344844,2.429656
26.093124,6.289654
42.611898,0.399570
42.890952,4.264286
39.774390,0.633492
50.211310,0.056206
43.125677,31.393404
20.436331,3.030683
32.299366,14.786843
