29.764294,3.100229
35.585665,7.270007
36.008354,7.871943
38.909357,7.979882
32.327839,7.095650
28.869331,8.505084
37.956555,0.682551
33.328258,6.607627
37.660931,5.530485
41.636663,10.136739
37.521291,11.645870
49.809645,32.675961
60.485800,66.767083
15.722413,2.184510
21.106610,11.292611
24.092931,3.511167
22.895604,15.026285
15.781586,8.322026
20.515874,12.462847
20.525532,14.774934
9.831529,4.233850
7.303868,0.153472
70.014875,1.838165
69.812704,4.584890
6.651319,3.011801
6.395646,4.823158
7.622021,11.883270
62.750000,9.883706
57.212161,4.802855
55.228681,6.374345
51.521331,2.393930
50.257029,11.608775
49.227800,11.434427
37.582958,18.538521
21.415531,4.350279
26.655325,7.107037
27.536498,5.481678
25.469752,19.128853
28.902933,12.429912
36.847655,3.673079
35.284804,9.730620
35.586073,8.219286
33.970913,10.487555
39.267852,9.697174
31.392880,9.562712
19.161298,9.550709
26.595317,8.781739
32.474885,4.619845
26.080088,2.333906
22.099649,6.510745
22.586664,5.978218
23.711491,8.234930
12.982600,3.561999
16.974634,9.050905
35.929689,32.798807
12.823239,7.890503
38.454332,0.135708
34.331638,11.555314
31.700364,13.141198
31.932631,9.909135
29.929824,0.721060
37.413067,1.904359
29.125420,1.264295
24.596189,2.141323
37.669531,2.805880
27.402594,16.261058
33.632522,0.623453
33.696437,1.841486
30.838186,5.873874
29.758354,6.389788
25.642981,0.602268
30.345145,2.429656
19.583569,6.289654
36.549484,0.399570
34.310147,4.264286
27.645781,0.633492
41.427914,0.056206
31.884529,31.393404
11.716361,3.030683
25.481798,14.786843
