26.176561,3.100229
30.324077,7.270007
29.850545,7.871943
31.883601,7.979882
26.143090,7.095650
22.787020,8.505084
32.526328,0.682551
28.982393,6.607627
33.679823,5.530485
38.488555,10.136739
34.415521,11.645870
44.479206,32.675961
53.182080,66.767083
17.215991,2.184510
23.162324,11.292611
22.796560,3.511167
28.587574,15.026285
23.675480,8.322026
30.322512,12.462847
30.469483,14.774934
15.554215,4.233850
12.726720,0.153472
57.226436,1.838165
56.587129,4.584890
12.496770,3.011801
13.235680,4.823158
14.519014,11.883270
51.408153,9.883706
47.637517,4.802855
46.397014,6.374345
43.551583,2.393930
43.229298,11.608775
42.682701,11.434427
32.755638,18.538521
23.212904,4.350279
28.913319,7.107037
28.667227,5.481678
36.134604,19.128853
39.378928,12.429912
48.198601,3.673079
44.585053,9.730620
43.168206,8.219286
40.670744,10.487555
45.591997,9.697174
36.567001,9.562712
23.140645,9.550709
32.325030,8.781739
40.788345,4.619845
33.160773,2.333906
31.077263,6.510745
31.694100,5.978218
36.330184,8.234930
21.937147,3.561999
28.788609,9.050905
32.739889,32.798807
19.127675,7.890503
30.325694,0.135708
26.942449,11.555314
24.984061,13.141198
25.327226,9.909135
23.883645,0.721060
29.743255,1.904359
23.234907,1.264295
19.691814,2.141323
30.371745,2.805880
37.419949,16.261058
34.397343,0.623453
36.850643,1.841486
37.751949,5.873874
34.523565,6.389788
26.768386,0.602268
29.177114,2.429656
21.511569,6.289654
34.053847,0.399570
34.740805,4.264286
33.763943,0.633492
40.399861,0.056206
35.731435,31.393404
19.257469,3.030683
26.250330,14.786843
