29.648844,3.100229
34.710679,7.270007
34.447674,7.871943
36.907985,7.979882
30.362173,7.095650
26.604590,8.505084
37.165204,0.682551
32.955462,6.607627
37.916358,5.530485
42.773228,10.136739
38.367149,11.645870
50.101432,32.675961
60.241760,66.767083
17.643914,2.184510
23.710152,11.292611
25.088034,3.511167
27.196238,15.026285
20.261958,8.322026
26.147688,12.462847
26.215062,14.774934
13.027204,4.233850
10.628304,0.153472
66.287796,1.838165
65.683039,4.584890
10.579399,3.011801
11.394827,4.823158
12.321863,11.883270
59.512680,9.883706
54.906461,4.802855
53.339572,6.374345
49.975667,2.393930
49.334502,11.608775
48.582289,11.434427
37.217475,18.538521
23.919209,4.350279
29.781662,7.107037
30.163872,5.481678
31.870474,19.128853
35.564349,12.429912
44.601082,3.673079
42.116781,9.730620
41.769251,8.219286
39.654099,10.487555
45.239368,9.697174
36.217664,9.562712
22.448799,9.550709
31.241814,8.781739
38.667959,4.619845
31.208877,2.333906
27.550054,6.510745
28.131857,5.978218
30.789608,8.234930
18.248402,3.561999
23.955385,9.050905
36.594318,32.798807
16.416544,7.890503
35.412409,0.135708
31.491097,11.555314
29.178285,13.141198
29.541558,9.909135
27.822056,0.721060
34.675614,1.904359
27.068057,1.264295
22.922580,2.141323
35.298144,2.805880
33.749478,16.261058
36.515531,0.623453
37.792340,1.841486
36.334175,5.873874
34.271927,6.389788
28.127279,0.602268
31.885221,2.429656
22.008993,6.289654
37.722008,0.399570
37.061385,4.264286
32.540901,0.633492
43.869542,0.056206
36.162133,31.393404
16.015105,3.030683
27.767137,14.786843
