25.059046,3.100229
29.178455,7.270007
28.825628,7.871943
30.827584,7.979882
25.308928,7.095650
22.100298,8.505084
31.271551,0.682551
27.799355,6.607627
32.140450,5.530485
36.468216,10.136739
32.667173,11.645870
42.458463,32.675961
50.913871,66.767083
15.452842,2.184510
20.771804,11.292611
21.476625,3.511167
24.130755,15.026285
17.715328,8.322026
22.957986,12.462847
22.990809,14.774934
11.118945,4.233850
8.281475,0.153472
55.345243,1.838165
54.770288,4.584890
7.541347,3.011801
7.240945,4.823158
8.641595,11.883270
49.706572,9.883706
45.978191,4.802855
44.731391,6.374345
41.953623,2.393930
41.537712,11.608775
40.960409,11.434427
31.406724,18.538521
20.920041,4.350279
26.049997,7.107037
26.228080,5.481678
28.199082,19.128853
31.579314,12.429912
39.634348,3.673079
37.391724,9.730620
36.989717,8.219286
35.078602,10.487555
39.901246,9.697174
31.954896,9.562712
19.873027,9.550709
27.671077,8.781739
34.320064,4.619845
27.714766,2.333906
24.402374,6.510745
24.923478,5.978218
26.714440,8.234930
14.719008,3.561999
19.245392,9.050905
31.121911,32.798807
14.378006,7.890503
29.413417,0.135708
26.139579,11.555314
24.233394,13.141198
24.556172,9.909135
23.146536,0.721060
28.833118,1.904359
22.518308,1.264295
19.079342,2.141323
29.410268,2.805880
29.964292,16.261058
31.664200,0.623453
33.093558,1.841486
32.198446,5.873874
30.225398,6.389788
24.467234,0.602268
27.370527,2.429656
19.283914,6.289654
32.205852,0.399570
32.086730,4.264286
28.832039,0.633492
37.747917,0.056206
31.765812,31.393404
13.277917,3.030683
24.105194,14.786843
