30.598285,3.100229
36.257263,7.270007
36.370631,7.871943
39.146278,7.979882
32.371662,7.095650
28.638411,8.505084
38.737248,0.682551
34.156769,6.607627
38.885132,5.530485
43.332643,10.136739
38.979859,11.645870
51.409668,32.675961
62.176568,66.767083
16.855109,2.184510
22.633640,11.292611
25.202441,3.511167
24.874264,15.026285
17.267975,8.322026
22.444480,12.462847
22.456248,14.774934
10.760221,4.233850
7.993996,0.153472
70.378478,1.838165
69.966346,4.584890
7.279517,3.011801
6.991830,4.823158
8.341604,11.883270
63.127282,9.883706
57.871596,4.802855
56.025072,6.374345
52.365424,2.393930
51.346967,11.608775
50.409935,11.434427
38.541202,18.538521
22.927416,4.350279
28.539907,7.107037
29.308540,5.481678
27.842816,19.128853
31.555058,12.429912
40.151827,3.673079
38.366706,9.730620
38.572667,8.219286
36.779201,10.487555
42.386830,9.697174
33.897730,9.562712
20.761427,9.550709
28.832161,8.781739
35.296486,4.619845
28.369985,2.333906
24.153071,6.510745
24.683842,5.978218
25.948677,8.234930
14.209302,3.561999
18.578536,9.050905
37.268733,32.798807
14.030200,7.890503
38.132889,0.135708
33.975661,11.555314
31.427448,13.141198
31.739219,9.909135
29.819998,0.721060
37.220927,1.904359
29.015227,1.264295
24.536916,2.141323
37.678883,2.805880
29.919694,16.261058
35.695549,0.623453
36.118042,1.841486
33.451877,5.873874
32.119346,6.389788
27.304585,0.602268
31.847378,2.429656
21.003013,6.289654
38.105620,0.399570
36.353920,4.264286
29.983068,0.633492
43.599107,0.056206
34.280801,31.393404
12.823401,3.030683
27.076616,14.786843
