29.101284,3.100229
34.208469,7.270007
34.064507,7.871943
36.547592,7.979882
30.111374,7.095650
26.454585,8.505084
36.601507,0.682551
32.394521,6.607627
37.133435,5.530485
41.700645,10.136739
37.445462,11.645870
49.076537,32.675961
59.131088,66.767083
16.761300,2.184510
22.515711,11.292611
24.378629,3.511167
25.197416,15.026285
17.742510,8.322026
23.048846,12.462847
23.064844,14.774934
11.067651,4.233850
8.224039,0.153472
65.660019,1.838165
65.123426,4.584890
7.488977,3.011801
7.191083,4.823158
8.581588,11.883270
58.933069,9.883706
54.266956,4.802855
52.661134,6.374345
49.302225,2.393930
48.562961,11.608775
47.773588,11.434427
36.573337,18.538521
22.761568,4.350279
28.336872,7.107037
28.893035,5.481678
28.533294,19.128853
32.244511,12.429912
40.878824,3.673079
38.918501,9.730620
38.935516,8.219286
37.061590,10.487555
42.531643,9.697174
34.029290,9.562712
20.944709,9.550709
29.110655,8.781739
35.779579,4.619845
28.798082,2.333906
24.738155,6.510745
25.278194,5.978218
26.677003,8.234930
14.618174,3.561999
19.113144,9.050905
35.747541,32.798807
14.412974,7.890503
35.215997,0.135708
31.332201,11.555314
29.018301,13.141198
29.360019,9.909135
27.633005,0.721060
34.453951,1.904359
26.884987,1.264295
22.758688,2.141323
35.018375,2.805880
30.579016,16.261058
35.074645,0.623453
35.909554,1.841486
33.805557,5.873874
32.225407,6.389788
26.930657,0.602268
30.912073,2.429656
20.896839,6.289654
36.735478,0.399570
35.654009,4.264286
30.291113,0.633492
42.442876,0.056206
34.216205,31.393404
13.192142,3.030683
26.641424,14.786843
