29.502023,3.100229
34.998884,7.270007
35.161182,7.871943
37.874150,7.979882
31.351229,7.095650
27.796678,8.505084
37.383498,0.682551
32.944528,6.607627
37.477339,5.530485
41.749585,10.136739
37.556945,11.645870
49.549834,32.675961
59.949338,66.767083
16.348433,2.184510
21.957246,11.292611
24.283913,3.511167
24.521941,15.026285
17.987486,8.322026
23.212896,12.462847
23.271983,14.774934
11.588903,4.233850
9.556447,0.153472
68.103970,1.838165
67.748281,4.584890
9.603410,3.011801
10.461483,4.823158
11.203574,11.883270
61.076804,9.883706
55.931885,4.802855
54.119455,6.374345
50.567707,2.393930
49.544802,11.608775
48.625879,11.434427
37.170561,18.538521
22.220225,4.350279
27.661138,7.107037
28.328652,5.481678
28.330552,19.128853
31.708376,12.429912
39.944370,3.673079
37.903658,9.730620
37.850649,8.219286
36.022715,10.487555
41.352597,9.697174
33.083316,9.562712
20.359492,9.550709
28.300738,8.781739
34.832570,4.619845
28.060305,2.333906
24.502623,6.510745
25.023486,5.978218
27.344912,8.234930
16.343258,3.561999
21.464396,9.050905
35.910045,32.798807
14.573380,7.890503
37.015414,0.135708
32.996707,11.555314
30.508379,13.141198
30.791656,9.909135
28.913188,0.721060
36.101670,1.904359
28.133647,1.264295
23.783741,2.141323
36.500143,2.805880
30.084004,16.261058
34.470546,0.623453
35.028658,1.841486
32.871370,5.873874
31.332726,6.389788
26.395748,0.602268
30.693309,2.429656
20.376988,6.289654
36.713536,0.399570
35.090604,4.264286
29.451975,0.633492
42.031506,0.056206
33.318792,31.393404
14.296353,3.030683
26.156653,14.786843
