27.106716,3.100229
31.618490,7.270007
31.282581,7.871943
33.475134,7.979882
27.500403,7.095650
24.040173,8.505084
33.876099,0.682551
30.090021,6.607627
34.734081,5.530485
39.338968,10.136739
35.253669,11.645870
45.888491,32.675961
55.074988,66.767083
16.555969,2.184510
22.253709,11.292611
23.138571,3.511167
25.885395,15.026285
19.591388,8.322026
25.257954,12.462847
25.330392,14.774934
12.631049,4.233850
10.339538,0.153472
60.106133,1.838165
59.506168,4.584890
10.316454,3.011801
11.142207,4.823158
12.020555,11.883270
53.976093,9.883706
49.885588,4.802855
48.509757,6.374345
45.482062,2.393930
44.987894,11.608775
44.342879,11.434427
33.990356,18.538521
22.418239,4.350279
27.915125,7.107037
28.138908,5.481678
30.693381,19.128853
34.134300,12.429912
42.647047,3.673079
40.135149,9.730620
39.637282,8.219286
37.577777,10.487555
42.728823,9.697174
34.219884,9.562712
21.292985,9.550709
29.653277,8.781739
36.826252,4.619845
29.759070,2.333906
26.513636,6.510745
27.068798,5.978218
29.807193,8.234930
17.734840,3.561999
23.284005,9.050905
33.598209,32.798807
15.867509,7.890503
31.996390,0.135708
28.440723,11.555314
26.362148,13.141198
26.706121,9.909135
25.166327,0.721060
31.354345,1.904359
24.483602,1.264295
20.741155,2.141323
31.961431,2.805880
32.398927,16.261058
33.992998,0.623453
35.456877,1.841486
34.512596,5.873874
32.367205,6.389788
26.247372,0.602268
29.464486,2.429656
20.659304,6.289654
34.726291,0.399570
34.460245,4.264286
30.901878,0.633492
40.607814,0.056206
34.021432,31.393404
15.550261,3.030683
25.871021,14.786843
