33.324681,3.100229
38.781001,7.270007
38.297323,7.871943
40.951625,7.979882
33.616143,7.095650
29.348718,8.505084
41.566686,0.682551
36.960856,6.607627
42.757016,5.530485
48.554245,10.136739
43.484435,11.645870
56.481412,32.675961
67.707298,66.767083
20.723342,2.184510
27.860176,11.292611
28.613717,3.511167
32.713240,15.026285
24.887882,8.322026
32.098408,12.462847
32.187716,14.774934
15.986169,4.233850
12.848562,0.153472
73.519093,1.838165
72.749258,4.584890
12.601291,3.011801
13.335995,4.823158
14.638740,11.883270
66.030476,9.883706
61.089339,4.802855
59.439819,6.374345
55.753613,2.393930
55.216118,11.608775
54.456309,11.434427
41.758803,18.538521
28.038249,4.350279
34.915184,7.107037
35.076581,5.481678
39.005669,19.128853
43.331704,12.429912
54.040387,3.673079
50.758969,9.730620
49.997506,8.219286
47.356476,10.487555
53.728164,9.697174
43.039208,9.562712
26.850241,9.550709
37.408913,8.781739
46.557108,4.619845
37.650354,2.333906
33.688604,6.510745
34.392429,5.978218
37.828474,8.234930
22.193435,3.561999
29.113954,9.050905
41.420499,32.798807
20.160724,7.890503
39.060156,0.135708
34.711540,11.555314
32.181110,13.141198
32.611143,9.909135
30.740503,0.721060
38.291666,1.904359
29.906097,1.264295
25.339593,2.141323
39.062612,2.805880
41.132121,16.261058
42.311312,0.623453
44.377349,1.841486
43.560216,5.873874
40.696825,6.389788
32.726047,0.602268
36.485250,2.429656
25.866073,6.289654
42.888751,0.399570
42.856951,4.264286
38.996762,0.633492
50.343291,0.056206
42.663443,31.393404
19.569349,3.030683
32.221284,14.786843
