25.483968,3.100229
29.640053,7.270007
29.258325,7.871943
31.281399,7.979882
25.674073,7.095650
22.409439,8.505084
31.772066,0.682551
28.258733,6.607627
32.707770,5.530485
37.169045,10.136739
33.282174,11.645870
43.205222,32.675961
51.776721,66.767083
15.942593,2.184510
21.434679,11.292611
21.916393,3.511167
25.305745,15.026285
19.506216,8.322026
25.119054,12.462847
25.199896,14.774934
12.615335,4.233850
10.340541,0.153472
56.156681,1.838165
55.563146,4.584890
10.317434,3.011801
11.143109,4.823158
12.021678,11.883270
50.438048,9.883706
46.673782,4.802855
45.419369,6.374345
42.606666,2.393930
42.207876,11.608775
41.632837,11.434427
31.928338,18.538521
21.562281,4.350279
26.851532,7.107037
26.938867,5.481678
30.414301,19.128853
33.688127,12.429912
41.907689,3.673079
39.288951,9.730620
38.622899,8.219286
36.561036,10.487555
41.426039,9.697174
33.188954,9.562712
20.737507,9.550709
28.900856,8.781739
36.025513,4.619845
29.151970,2.333906
26.250277,6.510745
26.794337,5.978218
29.720545,8.234930
17.735574,3.561999
23.285288,9.050905
31.697887,32.798807
15.791703,7.890503
29.824453,0.135708
26.502977,11.555314
24.571815,13.141198
24.901569,9.909135
23.474528,0.721060
29.239801,1.904359
22.837281,1.264295
19.350839,2.141323
29.832783,2.805880
31.982954,16.261058
32.477281,0.623453
34.138221,1.841486
33.664397,5.873874
31.377463,6.389788
25.135815,0.602268
27.956838,2.429656
19.901168,6.289654
32.838031,0.399570
32.886239,4.264286
30.134309,0.633492
38.589915,0.056206
32.849089,31.393404
15.547113,3.030683
24.737854,14.786843
