31.238364,3.100229
36.661795,7.270007
36.462389,7.871943
39.101730,7.979882
32.199457,7.095650
28.265717,8.505084
39.237066,0.682551
34.752757,6.607627
39.897395,5.530485
44.894320,10.136739
40.293500,11.645870
52.725061,32.675961
63.472607,66.767083
18.300572,2.184510
24.589145,11.292611
26.286185,3.511167
27.992508,15.026285
20.696321,8.322026
26.719851,12.462847
26.785181,14.774934
13.289663,4.233850
10.821684,0.153472
70.241635,1.838165
69.645392,4.584890
10.755494,3.011801
11.564126,4.823158
12.523652,11.883270
63.051074,9.883706
58.097816,4.802855
56.400662,6.374345
52.818102,2.393930
52.069449,11.608775
51.243617,11.434427
39.240346,18.538521
24.825619,4.350279
30.908786,7.107037
31.390620,5.481678
32.613067,19.128853
36.452211,12.429912
45.799428,3.673079
43.322949,9.730620
43.059451,8.219286
40.909089,10.487555
46.754134,9.697174
37.423192,9.562712
23.147949,9.550709
32.203346,8.781739
39.787780,4.619845
32.092371,2.333906
28.201423,6.510745
28.799370,5.978218
31.432306,8.234930
18.592184,3.561999
24.404858,9.050905
38.450890,32.798807
16.771196,7.890503
37.625911,0.135708
33.471348,11.555314
31.003502,13.141198
31.374901,9.909135
29.535324,0.721060
36.821219,1.904359
28.735525,1.264295
24.328172,2.141323
37.442645,2.805880
34.588657,16.261058
38.046726,0.623453
39.202052,1.841486
37.437668,5.873874
35.421132,6.389788
29.265842,0.602268
33.368467,2.429656
22.823526,6.289654
39.569061,0.399570
38.642281,4.264286
33.533527,0.633492
45.863127,0.056206
37.453329,31.393404
16.325679,3.030683
28.917123,14.786843
