21.809778,3.100229
25.467363,7.270007
25.216437,7.871943
26.991457,7.979882
22.180375,7.095650
19.398125,8.505084
27.280939,0.682551
24.220003,6.607627
27.928418,5.530485
31.584728,10.136739
28.315035,11.645870
36.899469,32.675961
44.313155,66.767083
13.139487,2.184510
17.657852,11.292611
18.555875,3.511167
20.221130,15.026285
14.582106,8.322026
18.919240,12.462847
18.939729,14.774934
9.123930,4.233850
6.786257,0.153472
48.467235,1.838165
47.992225,4.584890
6.179715,3.011801
5.933586,4.823158
7.081307,11.883270
43.521881,9.883706
40.207454,4.802855
39.089047,6.374345
36.642797,2.393930
36.225007,11.608775
35.696047,11.434427
27.357287,18.538521
17.808447,4.350279
22.173597,7.107037
22.427590,5.481678
23.321424,19.128853
26.220039,12.429912
33.047146,3.673079
31.293000,9.730620
31.095112,8.219286
29.531459,10.487555
33.706308,9.697174
26.983931,9.562712
16.714320,9.550709
23.256449,8.781739
28.741105,4.619845
23.178714,2.333906
20.198255,6.510745
20.633800,5.978218
21.957922,8.234930
12.062228,3.561999
15.771370,9.050905
26.993453,32.798807
11.840120,7.890503
25.818394,0.135708
22.950979,11.555314
21.272239,13.141198
21.547584,9.909135
20.303061,0.721060
25.296954,1.904359
19.752374,1.264295
16.732026,2.141323
25.779977,2.805880
24.873392,16.261058
27.129241,0.623453
28.143314,1.841486
27.040137,5.873874
25.534962,6.389788
20.915604,0.602268
23.608175,2.429656
16.391255,6.289654
27.870570,0.399570
27.521563,4.264286
24.219339,0.633492
32.509960,0.056206
26.940414,31.393404
10.883996,3.030683
20.636361,14.786843
