26.649677,1.509596
30.922830,3.542251
30.471915,3.837032
32.558467,3.890124
26.705133,3.459465
23.286981,4.147248
33.160065,0.332535
29.525164,3.218273
34.251884,2.691788
39.042791,4.928356
34.933803,5.663694
45.239189,15.904640
54.144076,32.511108
17.082325,1.048610
22.973691,5.419166
23.075407,1.705422
27.609099,7.017125
21.780771,3.288952
28.008979,5.067514
28.111132,5.960530
14.128031,1.453114
11.506143,0.035764
58.441701,0.896112
57.800670,2.235310
11.379373,0.525240
12.162738,0.618623
13.238550,1.976522
52.496598,4.818232
48.622084,2.340938
47.340830,3.106528
44.426712,1.166573
44.063628,5.655338
43.488893,5.569530
33.364983,9.028831
23.072915,2.090837
28.735440,3.415500
28.677705,2.645713
33.758682,8.243657
37.199488,5.558101
46.020059,1.683288
42.936779,4.525343
41.968096,3.871168
39.654722,4.955772
44.740551,4.612364
35.860429,4.545569
22.519586,4.503431
31.412616,4.133931
39.337147,2.153116
31.886514,1.082875
29.105046,2.832563
29.700307,2.606516
33.239803,3.101172
19.802115,0.946469
25.988751,2.367159
33.250350,15.954544
17.624061,3.154280
30.991436,0.066174
27.535644,5.634742
25.532748,6.407953
25.881094,4.831775
24.403515,0.351583
30.392580,0.928569
23.740776,0.616461
20.119261,1.044070
31.026701,1.368030
35.327259,7.258960
34.497991,0.301365
36.572618,0.884094
36.626968,2.759635
33.884279,3.039697
26.767341,0.290610
29.485544,1.179193
21.332784,3.017942
34.520316,0.194206
34.890177,2.062875
32.775363,0.297821
40.763353,0.027258
35.306434,15.021464
17.397464,0.904167
26.300279,7.143402
