33.454007,3.100229
38.888465,7.270007
38.371146,7.871943
41.017636,7.979882
33.659282,7.095650
29.371349,8.505084
41.689628,0.682551
37.089043,6.607627
42.950407,5.530485
48.840210,10.136739
43.726119,11.645870
56.733628,32.675961
67.969443,66.767083
21.017147,2.184510
28.258393,11.292611
28.811653,3.511167
33.408240,15.026285
25.634782,8.322026
33.044719,12.462847
33.141856,14.774934
16.485181,4.233850
13.232051,0.153472
73.632744,1.838165
72.846621,4.584890
12.950602,3.011801
13.671382,4.823158
15.039013,11.883270
66.136535,9.883706
61.214804,4.802855
59.577665,6.374345
55.893648,2.393930
55.386489,11.608775
54.639456,11.434427
41.907000,18.538521
28.420733,4.350279
35.392805,7.107037
35.481609,5.481678
40.088601,19.128853
44.450468,12.429912
55.322404,3.673079
51.869862,9.730620
50.981726,8.219286
48.254996,10.487555
54.658391,9.697174
43.791902,9.562712
27.372327,9.550709
38.149285,8.781739
47.561004,4.619845
38.486954,2.333906
34.610141,6.510745
35.329757,5.978218
38.987356,8.234930
22.873804,3.561999
30.003909,9.050905
41.639315,32.798807
20.761820,7.890503
39.089634,0.135708
34.734709,11.555314
32.205035,13.141198
32.639302,9.909135
30.770837,0.721060
38.326503,1.904359
29.935424,1.264295
25.366359,2.141323
39.110014,2.805880
42.198777,16.261058
42.761779,0.623453
45.003528,1.841486
44.439244,5.873874
41.399689,6.389788
33.108472,0.602268
36.764463,2.429656
26.237102,6.289654
43.156043,0.399570
43.291758,4.264286
39.778717,0.633492
50.761935,0.056206
43.320865,31.393404
20.179237,3.030683
32.576080,14.786843
