32.021506,3.100229
38.025666,7.270007
38.222936,7.871943
41.177642,7.979882
34.088389,7.095650
30.220890,8.505084
40.610446,0.682551
35.772276,6.607627
40.650368,5.530485
45.210414,10.136739
40.687241,11.645870
53.748384,32.675961
65.069623,66.767083
17.449590,2.184510
23.430093,11.292611
26.260708,3.511167
25.653293,15.026285
17.767027,8.322026
23.094632,12.462847
23.106258,14.774934
11.070009,4.233850
8.224039,0.153472
74.045763,1.838165
73.662586,4.584890
7.489022,3.011801
7.194163,4.823158
8.581706,11.883270
66.404227,9.883706
60.798276,4.802855
58.818798,6.374345
54.951485,2.393930
53.815761,11.608775
52.804712,11.434427
40.357994,18.538521
23.744863,4.350279
29.556672,7.107037
30.401567,5.481678
28.657442,19.128853
32.492806,12.429912
41.370914,3.673079
39.558039,9.730620
39.808146,8.219286
37.970226,10.487555
43.797419,9.697174
35.022444,9.562712
21.428854,9.550709
29.754182,8.781739
36.397184,4.619845
29.247102,2.333906
24.861805,6.510745
25.408692,5.978218
26.696938,8.234930
14.618203,3.561999
19.113171,9.050905
38.916180,32.798807
14.436007,7.890503
40.243243,0.135708
35.871988,11.555314
33.168560,13.141198
33.478484,9.909135
31.437203,0.721060
39.252459,1.904359
30.589574,1.264295
25.860250,2.141323
39.687064,2.805880
30.807926,16.261058
37.054716,0.623453
37.393638,1.841486
34.515491,5.873874
33.189032,6.389788
28.319707,0.602268
33.156746,2.429656
21.741343,6.289654
39.739179,0.399570
37.754826,4.264286
30.938183,0.633492
45.359358,0.056206
35.461374,31.393404
13.192430,3.030683
28.098848,14.786843
