35.383231,3.100229
41.132043,7.270007
40.585504,7.871943
43.384945,7.979882
35.602089,7.095650
31.066876,8.505084
44.094650,0.682551
39.228248,6.607627
45.426587,5.530485
51.654111,10.136739
46.245795,11.645870
60.004523,32.675961
71.889116,66.767083
22.220648,2.184510
29.876357,11.292611
30.470706,3.511167
35.302850,15.026285
27.040970,8.322026
34.865657,12.462847
34.965815,14.774934
17.369719,4.233850
13.891625,0.153472
77.882498,1.838165
77.051250,4.584890
13.551234,3.011801
14.248088,4.823158
15.727275,11.883270
69.953575,9.883706
64.747304,4.802855
63.015395,6.374345
59.118593,2.393930
58.581514,11.608775
57.791054,11.434427
44.324016,18.538521
30.049044,4.350279
37.420493,7.107037
37.518258,5.481678
42.320116,19.128853
46.943407,12.429912
58.443340,3.673079
54.807841,9.730620
53.880709,8.219286
51.001949,10.487555
57.777068,9.697174
46.289991,9.562712
28.929397,9.550709
40.318206,8.781739
50.256617,4.619845
40.665438,2.333906
36.540199,6.510745
37.300780,5.978218
41.109967,8.234930
24.046012,3.561999
31.536618,9.050905
44.039063,32.798807
21.902773,7.890503
41.346181,0.135708
36.739896,11.555314
34.064156,13.141198
34.523438,9.909135
32.547060,0.721060
40.538914,1.904359
31.663427,1.264295
26.830587,2.141323
41.367478,2.805880
44.564553,16.261058
45.218063,0.623453
47.580729,1.841486
46.964162,5.873874
43.761987,6.389788
35.008685,0.602268
38.880556,2.429656
27.739257,6.289654
45.642011,0.399570
45.779420,4.264286
42.039316,0.633492
53.682503,0.056206
45.798307,31.393404
21.236428,3.030683
34.446757,14.786843
