31.326976,3.100229
36.678042,7.270007
36.402174,7.871943
39.002902,7.979882
32.086259,7.095650
28.116302,8.505084
39.271199,0.682551
34.821718,6.607627
40.060678,5.530485
45.187901,10.136739
40.534041,11.645870
52.935075,32.675961
63.651498,66.767083
18.626980,2.184510
25.030918,11.292611
26.502349,3.511167
28.686275,15.026285
21.319216,8.322026
27.520641,12.462847
27.589124,14.774934
13.687256,4.233850
11.118873,0.153472
70.050639,1.838165
69.412526,4.584890
11.026122,3.011801
11.823767,4.823158
12.833761,11.883270
62.890677,9.883706
58.021269,4.802855
56.364497,6.374345
52.809146,2.393930
52.129634,11.608775
51.333849,11.434427
39.324874,18.538521
25.253259,4.350279
31.442563,7.107037
31.852424,5.481678
33.567931,19.128853
37.479481,12.429912
47.024398,3.673079
44.419721,9.730620
44.067867,8.219286
41.840370,10.487555
47.743559,9.697174
38.221662,9.562712
23.684975,9.550709
32.960603,8.781739
40.784460,4.619845
32.913533,2.333906
29.021255,6.510745
29.635052,5.978218
32.379926,8.234930
19.120384,3.561999
25.095495,9.050905
38.661834,32.798807
17.275283,7.890503
37.424636,0.135708
33.280712,11.555314
30.836298,13.141198
31.219949,9.909135
29.402502,0.721060
36.645575,1.904359
28.605684,1.264295
24.224592,2.141323
37.302691,2.805880
35.565870,16.261058
38.562666,0.623453
39.898286,1.841486
38.331004,5.873874
36.169209,6.389788
29.701458,0.602268
33.680869,2.429656
23.234877,6.289654
39.850544,0.399570
39.140777,4.264286
34.329893,0.633492
46.337742,0.056206
38.172093,31.393404
16.802002,3.030683
29.322899,14.786843
