30.310032,3.100229
36.111887,7.270007
36.433153,7.871943
39.320486,7.979882
32.624737,7.095650
29.062635,8.505084
38.541395,0.682551
33.896578,6.607627
38.424424,5.530485
42.645843,10.136739
38.395148,11.645870
50.810902,32.675961
61.593149,66.767083
16.479374,2.184510
22.130434,11.292611
24.746869,3.511167
24.584566,15.026285
17.988665,8.322026
23.215456,12.462847
23.274203,14.774934
11.588955,4.233850
9.556448,0.153472
70.735878,1.838165
70.470645,4.584890
9.603587,3.011801
10.466100,4.823158
11.203960,11.883270
63.411588,9.883706
57.914082,4.802855
55.959309,6.374345
52.237675,2.393930
51.052428,11.608775
50.050869,11.434427
38.233366,18.538521
22.411097,4.350279
27.897585,7.107037
28.644505,5.481678
28.340136,19.128853
31.732564,12.429912
40.001786,3.673079
37.988200,9.730620
37.981203,8.219286
36.163594,10.487555
41.564539,9.697174
33.248328,9.562712
20.432820,9.550709
28.396491,8.781739
34.915834,4.619845
28.118428,2.333906
24.512726,6.510745
25.034290,5.978218
27.345653,8.234930
16.343258,3.561999
21.464396,9.050905
36.738003,32.798807
14.574557,7.890503
38.708360,0.135708
34.541488,11.555314
31.907806,13.141198
32.162146,9.909135
30.163555,0.721060
37.690862,1.904359
29.351992,1.264295
24.796533,2.141323
38.003778,2.805880
30.106049,16.261058
34.898391,0.623453
35.311713,1.841486
32.974868,5.873874
31.494381,6.389788
26.685165,0.602268
31.231291,2.429656
20.536631,6.289654
37.470921,0.399570
35.552488,4.264286
29.546951,0.633492
42.714537,0.056206
33.544587,31.393404
14.296356,3.030683
26.467591,14.786843
