29.139544,3.100229
33.894633,7.270007
33.459995,7.871943
35.774287,7.979882
29.362151,7.095650
25.629249,8.505084
36.332195,0.682551
32.313380,6.607627
37.397592,5.530485
42.493290,10.136739
38.050843,11.645870
49.400468,32.675961
59.203933,66.767083
18.206079,2.184510
24.477410,11.292611
25.053203,3.511167
28.850223,15.026285
22.117967,8.322026
28.502866,12.462847
28.588803,14.774934
14.255770,4.233850
11.562791,0.153472
64.222610,1.838165
63.544589,4.584890
11.430453,3.011801
12.211792,4.823158
13.297081,11.883270
57.682389,9.883706
53.375989,4.802855
51.940547,6.374345
48.723372,2.393930
48.265370,11.608775
47.606820,11.434427
36.509285,18.538521
24.625940,4.350279
30.666510,7.107037
30.776699,5.481678
34.567424,19.128853
38.335281,12.429912
47.735219,3.673079
44.782687,9.730620
44.052819,8.219286
41.708963,10.487555
47.277875,9.697174
37.875717,9.562712
23.654497,9.550709
32.963013,8.781739
41.067299,4.619845
33.224474,2.333906
29.843598,6.510745
30.464234,5.978218
33.660307,8.234930
19.907887,3.561999
26.125644,9.050905
36.240480,32.798807
17.911234,7.890503
34.109687,0.135708
30.311104,11.555314
28.102356,13.141198
28.479318,9.909135
26.847075,0.721060
33.440769,1.904359
26.118283,1.264295
22.130860,2.141323
34.118392,2.805880
36.392652,16.261058
37.108909,0.623453
38.985539,1.841486
38.391906,5.873874
35.810184,6.389788
28.716187,0.602268
31.955666,2.429656
22.726003,6.289654
37.540630,0.399570
37.578742,4.264286
34.367334,0.633492
44.106332,0.056206
37.504307,31.393404
17.506601,3.030683
28.264309,14.786843
