34.935686,3.100229
40.693431,7.270007
40.214899,7.871943
43.013950,7.979882
35.319329,7.095650
30.850037,8.505084
43.609626,0.682551
38.760881,6.607627
44.800400,5.530485
50.818528,10.136739
45.524409,11.645870
59.183473,32.675961
70.980980,66.767083
21.550513,2.184510
28.969653,11.292611
29.923574,3.511167
33.836169,15.026285
25.555275,8.322026
32.976822,12.462847
33.063318,14.774934
16.386884,4.233850
13.140647,0.153472
77.226005,1.838165
76.431399,4.584890
12.867236,3.011801
13.591358,4.823158
14.943484,11.883270
69.356123,9.883706
64.141126,4.802855
62.394976,6.374345
58.515887,2.393930
57.923691,11.608775
57.113370,11.434427
43.789559,18.538521
29.169326,4.350279
36.322627,7.107037
36.550199,5.481678
40.135461,19.128853
44.658795,12.429912
55.788197,3.673079
52.475472,9.730620
51.775543,8.219286
49.067232,10.487555
55.739492,9.697174
44.644449,9.562712
27.810220,9.550709
38.736135,8.781739
48.143493,4.619845
38.913515,2.333906
34.676444,6.510745
35.403907,5.978218
38.814930,8.234930
22.713126,3.561999
29.793290,9.050905
43.373264,32.798807
20.705561,7.890503
41.058882,0.135708
36.490710,11.555314
33.828185,13.141198
34.276427,9.909135
32.306622,0.721060
40.245318,1.904359
31.429882,1.264295
26.628875,2.141323
41.044311,2.805880
42.387941,16.261058
44.119478,0.623453
46.151034,1.841486
45.092296,5.873874
42.221699,6.389788
34.097280,0.602268
38.133290,2.429656
26.895096,6.289654
44.876533,0.399570
44.705747,4.264286
40.372283,0.633492
52.589906,0.056206
44.324725,31.393404
20.040113,3.030683
33.588799,14.786843
