29.108049,3.100229
33.716929,7.270007
33.188711,7.871943
35.448593,7.979882
29.065841,7.095650
25.334185,8.505084
36.166073,0.682551
32.226893,6.607627
37.454070,5.530485
42.809014,10.136739
38.277031,11.645870
49.463348,32.675961
59.137839,66.767083
19.185369,2.184510
25.812886,11.292611
25.359505,3.511167
31.947869,15.026285
26.589415,8.322026
34.043589,12.462847
34.211993,14.774934
17.477077,4.233850
14.226610,0.153472
63.624899,1.838165
62.913594,4.584890
13.865886,3.011801
14.550304,4.823158
16.087913,11.883270
57.156224,9.883706
52.965140,4.802855
51.586686,6.374345
48.423564,2.393930
48.067191,11.608775
47.460489,11.434427
36.422799,18.538521
25.863890,4.350279
32.215691,7.107037
31.921847,5.481678
40.525864,19.128853
44.113566,12.429912
53.931241,3.673079
49.841175,9.730620
48.207809,8.219286
45.404730,10.487555
50.864262,9.697174
40.798418,9.562712
25.839423,9.550709
36.100460,8.781739
45.589708,4.619845
37.076214,2.333906
34.845282,6.510745
35.534753,5.978218
40.815869,8.234930
24.586613,3.561999
32.256627,9.050905
36.412085,32.798807
21.479349,7.890503
33.715531,0.135708
29.954047,11.555314
27.776797,13.141198
28.158403,9.909135
26.553541,0.721060
33.068112,1.904359
25.832277,1.264295
21.893160,2.141323
33.767169,2.805880
41.921799,16.261058
38.293706,0.623453
41.065187,1.841486
42.168572,5.873874
38.515230,6.389788
29.808531,0.602268
32.461495,2.429656
23.973625,6.289654
37.878370,0.399570
38.671426,4.264286
37.711829,0.633492
44.953123,0.056206
39.835328,31.393404
21.618582,3.030683
29.226498,14.786843
