30.221957,3.100229
35.035395,7.270007
34.503128,7.871943
36.858004,7.979882
30.225584,7.095650
26.349490,8.505084
37.575721,0.682551
33.470897,6.607627
38.866000,5.530485
44.362274,10.136739
39.679930,11.645870
51.330652,32.675961
61.401377,66.767083
19.614180,2.184510
26.383185,11.292611
26.248271,3.511167
32.057192,15.026285
25.694048,8.322026
33.008970,12.462847
33.139309,14.774934
16.696842,4.233850
13.482813,0.153472
66.156493,1.838165
65.422485,4.584890
13.180862,3.011801
13.892469,4.823158
15.302873,11.883270
59.428865,9.883706
55.059240,4.802855
53.618545,6.374345
50.325194,2.393930
49.936375,11.608775
49.296359,11.434427
37.826472,18.538521
26.472182,4.350279
32.970744,7.107037
32.807150,5.481678
39.657206,19.128853
43.542369,12.429912
53.664361,3.673079
49.908818,9.730620
48.602615,8.219286
45.870068,10.487555
51.616007,9.697174
41.382623,9.562712
26.069259,9.550709
36.384830,8.781739
45.699420,4.619845
37.085567,2.333906
34.164395,6.510745
34.856602,5.978218
39.255071,8.234930
23.304241,3.561999
30.570694,9.050905
37.757310,32.798807
20.783061,7.890503
35.066888,0.135708
31.155351,11.555314
28.890211,13.141198
29.286118,9.909135
27.615930,0.721060
34.391977,1.904359
26.865862,1.264295
22.768568,2.141323
35.115418,2.805880
41.359512,16.261058
39.418536,0.623453
41.989126,1.841486
42.451856,5.873874
39.088781,6.389788
30.627422,0.602268
33.567575,2.429656
24.500570,6.289654
39.237729,0.399570
39.840899,4.264286
37.979654,0.633492
46.442598,0.056206
40.613219,31.393404
20.531920,3.030683
30.065934,14.786843
