25.245585,3.100229
29.310888,7.270007
28.895497,7.871943
30.878632,7.979882
25.331000,7.095650
22.093405,8.505084
31.428477,0.682551
27.975845,6.607627
32.435597,5.530485
36.942881,10.136739
33.061447,11.645870
42.841674,32.675961
51.291641,66.767083
16.074361,2.184510
21.616301,11.292611
21.820566,3.511167
25.844184,15.026285
20.258617,8.322026
26.059738,12.462847
26.152175,14.774934
13.137296,4.233850
10.750798,0.153472
55.428096,1.838165
54.825178,4.584890
10.691260,3.011801
11.502037,4.823158
12.450043,11.883270
49.788196,9.883706
46.103923,4.802855
44.883238,6.374345
42.116370,2.393930
41.759884,11.608775
41.209150,11.434427
31.612798,18.538521
21.719789,4.350279
27.049499,7.107037
27.035589,5.481678
31.446145,19.128853
34.700964,12.429912
42.997167,3.673079
40.172505,9.730620
39.331640,8.219286
37.183487,10.487555
42.004337,9.697174
33.662933,9.562712
21.108725,9.550709
29.436911,8.781739
36.813646,4.619845
29.826072,2.333906
27.119316,6.510745
27.675996,5.978218
30.907812,8.234930
18.462146,3.561999
24.236031,9.050905
31.473341,32.798807
16.394223,7.890503
29.403154,0.135708
26.125340,11.555314
24.224324,13.141198
24.553662,9.909135
23.150713,0.721060
28.833220,1.904359
22.522054,1.264295
19.085851,2.141323
29.431085,2.805880
32.951672,16.261058
32.542669,0.623453
34.416262,1.841486
34.313251,5.873874
31.813016,6.389788
25.232195,0.602268
27.869229,2.429656
20.071614,6.289654
32.656874,0.399570
32.923780,4.264286
30.707914,0.633492
38.512446,0.056206
33.193576,31.393404
16.195118,3.030683
24.803427,14.786843
