29.750255,3.100229
34.927540,7.270007
34.748723,7.871943
37.269187,7.979882
30.695299,7.095650
26.953290,8.505084
37.378609,0.682551
33.101285,6.607627
37.990098,5.530485
42.734095,10.136739
38.357525,11.645870
50.205298,32.675961
60.449105,66.767083
17.398955,2.184510
23.377477,11.292611
25.015978,3.511167
26.606318,15.026285
19.701274,8.322026
25.428305,12.462847
25.492398,14.774934
12.667835,4.233850
10.359430,0.153472
66.951744,1.838165
66.390129,4.584890
10.334557,3.011801
11.159982,4.823158
12.041302,11.883270
60.096279,9.883706
55.364435,4.802855
53.741512,6.374345
50.324238,2.393930
49.601089,11.608775
48.810075,11.434427
37.374702,18.538521
23.603662,4.350279
29.387303,7.107037
29.852188,5.481678
31.019109,19.128853
34.658146,12.429912
43.536015,3.673079
41.178203,9.730620
40.926935,8.219286
38.883493,10.487555
44.441553,9.697174
35.571873,9.562712
22.001610,9.550709
30.608448,8.781739
37.817727,4.619845
30.503939,2.333906
26.820578,6.510745
27.388663,5.978218
29.934782,8.234930
17.770535,3.561999
23.330557,9.050905
36.605802,32.798807
15.963127,7.890503
35.879263,0.135708
31.919460,11.555314
29.564497,13.141198
29.916341,9.909135
28.160189,0.721060
35.108471,1.904359
27.397727,1.264295
23.194550,2.141323
35.694858,2.805880
32.886835,16.261058
36.186216,0.623453
37.270894,1.841486
35.583469,5.873874
33.669175,6.389788
27.831082,0.602268
31.751604,2.429656
21.698768,6.289654
37.662279,0.399570
36.755167,4.264286
31.872701,0.633492
43.635743,0.056206
35.604688,31.393404
15.584218,3.030683
27.501747,14.786843
