22.996120,3.100229
27.031867,7.270007
26.918107,7.871943
28.880265,7.979882
23.794303,7.095650
20.904672,8.505084
28.922869,0.682551
25.598467,6.607627
29.343204,5.530485
32.952258,10.136739
29.589771,11.645870
38.780760,32.675961
46.725965,66.767083
13.244944,2.184510
17.792135,11.292611
19.264231,3.511167
19.911245,15.026285
14.020305,8.322026
18.213424,12.462847
18.226066,14.774934
8.745766,4.233850
6.498716,0.153472
51.885190,1.838165
51.461169,4.584890
5.917863,3.011801
5.682464,4.823158
6.781255,11.883270
46.569488,9.883706
42.882280,4.802855
41.613344,6.374345
38.959101,2.393930
38.374927,11.608775
37.751157,11.434427
28.900609,18.538521
17.986414,4.350279
22.392074,7.107037
22.831559,5.481678
22.547288,19.128853
25.479929,12.429912
32.302847,3.673079
30.753780,9.730620
30.767226,8.219286
29.286432,10.487555
33.608920,9.697174
26.890278,9.562712
16.550714,9.550709
23.003525,8.781739
28.273374,4.619845
22.756526,2.333906
19.548332,6.510745
19.975077,5.978218
21.080429,8.234930
11.551424,3.561999
15.103394,9.050905
28.248057,32.798807
11.389273,7.890503
27.828026,0.135708
24.759012,11.555314
22.930546,13.141198
23.200574,9.909135
21.835871,0.721060
27.225849,1.904359
21.244780,1.264295
17.984138,2.141323
27.671863,2.805880
24.163838,16.261058
27.716328,0.623453
28.376081,1.841486
26.713482,5.873874
25.464832,6.389788
21.280869,0.602268
24.427023,2.429656
16.512887,6.289654
29.028735,0.399570
28.174147,4.264286
23.936334,0.633492
33.538776,0.056206
27.037980,31.393404
10.424560,3.030683
21.052314,14.786843
