21.215307,3.100229
24.748462,7.270007
24.484792,7.871943
26.199957,7.979882
21.522547,7.095650
18.812060,8.505084
26.515420,0.682551
23.551256,6.607627
27.182202,5.530485
30.775613,10.136739
27.582246,11.645870
35.911799,32.675961
43.104967,66.767083
12.881237,2.184510
17.312169,11.292611
18.095322,3.511167
19.916157,15.026285
14.440674,8.322026
18.729466,12.462847
18.751651,14.774934
9.043396,4.233850
6.728737,0.153472
47.042775,1.838165
46.571598,4.584890
6.127344,3.011801
5.883286,4.823158
7.021296,11.883270
42.245393,9.883706
39.045718,4.802855
37.969409,6.374345
35.599767,2.393930
35.212632,11.608775
34.707169,11.434427
26.603826,18.538521
17.451997,4.350279
21.730345,7.107037
21.946452,5.481678
23.063010,19.128853
25.898544,12.429912
32.599571,3.673079
30.833565,9.730620
30.595567,8.219286
29.043655,10.487555
33.113548,9.697174
26.512450,9.562712
16.443245,9.550709
22.884394,8.781739
28.313344,4.619845
22.843240,2.333906
19.969437,6.510745
20.398789,5.978218
21.753953,8.234930
11.959831,3.561999
15.637537,9.050905
26.288926,32.798807
11.723821,7.890503
25.037876,0.135708
22.254839,11.555314
20.628884,13.141198
20.898818,9.909135
19.694520,0.721060
24.536597,1.904359
19.160206,1.264295
16.231776,2.141323
25.013514,2.805880
24.570132,16.261058
26.530094,0.623453
27.588900,1.841486
26.614195,5.873874
25.085194,6.389788
20.468922,0.602268
23.035377,2.429656
16.070927,6.289654
27.164083,0.399570
26.903963,4.264286
23.835874,0.633492
31.737240,0.056206
26.433040,31.393404
10.790942,3.030683
20.185915,14.786843
