27.871046,3.100229
32.573180,7.270007
32.279073,7.871943
34.563798,7.979882
28.414851,7.095650
24.869448,8.505084
34.887142,0.682551
30.960208,6.607627
35.675769,5.530485
40.319611,10.136739
36.150666,11.645870
47.136975,32.675961
56.628800,66.767083
16.784325,2.184510
22.557567,11.292611
23.679461,3.511167
26.038519,15.026285
19.545820,8.322026
25.210457,12.462847
25.279301,14.774934
12.588425,4.233850
10.304082,0.153472
62.069510,1.838165
61.477416,4.584890
10.284159,3.011801
11.111256,4.823158
11.983548,11.883270
55.732148,9.883706
51.461765,4.802855
50.016696,6.374345
46.877850,2.393930
46.319978,11.608775
45.633561,11.434427
34.968479,18.538521
22.741948,4.350279
28.316920,7.107037
28.618549,5.481678
30.681492,19.128853
34.181850,12.429912
42.792440,3.673079
40.346075,9.730620
39.936894,8.219286
37.890648,10.487555
43.162841,9.697174
34.560767,9.562712
21.459440,9.550709
29.874064,8.781739
37.032007,4.619845
29.905305,2.333906
26.513084,6.510745
27.070695,5.978218
29.722272,8.234930
17.672026,3.561999
23.201804,9.050905
34.467683,32.798807
15.833204,7.890503
33.101482,0.135708
29.429579,11.555314
27.273420,13.141198
27.621041,9.909135
26.020790,0.721060
32.424867,1.904359
25.315253,1.264295
21.441879,2.141323
33.029362,2.805880
32.440600,16.261058
34.611974,0.623453
35.948792,1.841486
34.755311,5.873874
32.697532,6.389788
26.690133,0.602268
30.121694,2.429656
20.940137,6.289654
35.573722,0.399570
35.110461,4.264286
31.123390,0.633492
41.475342,0.056206
34.441120,31.393404
15.494539,3.030683
26.329824,14.786843
