26.905581,3.100229
31.193504,7.270007
30.721335,7.871943
32.818713,7.979882
26.913623,7.095650
23.462812,8.505084
33.454808,0.682551
29.798996,6.607627
34.599179,5.530485
39.487035,10.136739
35.320393,11.645870
45.695657,32.675961
54.663599,66.767083
17.442162,2.184510
23.461257,11.292611
23.361270,3.511167
28.484882,15.026285
22.843221,8.322026
29.339133,12.462847
29.456946,14.774934
14.869023,4.233850
12.100244,0.153472
58.906582,1.838165
58.253667,4.584890
11.921366,3.011801
12.683144,4.823158
13.859621,11.883270
52.916037,9.883706
49.023963,4.802855
47.740367,6.374345
44.807480,2.393930
44.459452,11.608775
43.888698,11.434427
33.676530,18.538521
23.542265,4.350279
29.321437,7.107037
29.183478,5.481678
35.234140,19.128853
38.681448,12.429912
47.675781,3.673079
44.344790,9.730620
43.193042,8.219286
40.767690,10.487555
45.883006,9.697174
36.785504,9.562712
23.168275,9.550709
32.334771,8.781739
40.605761,4.619845
32.950256,2.333906
30.352610,6.510745
30.967308,5.978218
34.916859,8.234930
20.850599,3.561999
27.361571,9.050905
33.609882,32.798807
18.475181,7.890503
31.225210,0.135708
27.742289,11.555314
25.725217,13.141198
26.077621,9.909135
24.590278,0.721060
30.624035,1.904359
23.922395,1.264295
20.273936,2.141323
31.267767,2.805880
36.742329,16.261058
35.068364,0.623453
37.339678,1.841486
37.724993,5.873874
34.747354,6.389788
27.244056,0.602268
29.873220,2.429656
21.787006,6.289654
34.924475,0.399570
35.446196,4.264286
33.751184,0.633492
41.328273,0.056206
36.110439,31.393404
18.326728,3.030683
26.746747,14.786843
