27.766113,3.100229
32.873245,7.270007
32.962128,7.871943
35.474757,7.979882
29.334955,7.095650
25.956618,8.505084
35.126101,0.682551
30.984427,6.607627
35.307252,5.530485
39.404438,10.136739
35.432528,11.645870
46.676728,32.675961
56.421067,66.767083
15.543280,2.184510
20.877451,11.292611
22.947339,3.511167
23.406236,15.026285
17.240951,8.322026
22.241691,12.462847
22.300555,14.774934
11.124368,4.233850
9.211383,0.153472
63.777059,1.838165
63.402822,4.584890
9.289155,3.011801
10.158429,4.823158
10.843430,11.883270
57.206531,9.883706
52.450537,4.802855
50.782995,6.374345
47.470599,2.393930
46.564500,11.608775
45.724261,11.434427
34.963940,18.538521
21.118313,4.350279
26.290085,7.107037
26.883103,5.481678
27.120759,19.128853
30.327861,12.429912
38.170272,3.673079
36.190024,9.730620
36.100866,8.219286
34.344871,10.487555
39.391082,9.697174
31.517134,9.562712
19.415920,9.550709
26.993878,8.781739
33.252750,4.619845
26.795846,2.333906
23.451839,6.510745
23.949264,5.978218
26.224032,8.234930
15.729907,3.561999
20.662445,9.050905
33.866627,32.798807
13.966632,7.890503
34.562428,0.135708
30.796769,11.555314
28.485081,13.141198
28.765336,9.909135
27.024370,0.721060
33.732595,1.904359
26.295108,1.264295
22.236053,2.141323
34.144551,2.805880
28.775641,16.261058
32.688248,0.623453
33.302035,1.841486
31.359536,5.873874
29.845773,6.389788
25.051493,0.602268
29.026728,2.429656
19.375550,6.289654
34.665634,0.399570
33.262399,4.264286
28.095621,0.633492
39.775687,0.056206
31.702767,31.393404
13.742821,3.030683
24.811524,14.786843
