31.200254,3.100229
36.245717,7.270007
35.746963,7.871943
38.205994,7.979882
31.346609,7.095650
27.346138,8.505084
38.860589,0.682551
34.582206,6.607627
40.071875,5.530485
45.604023,10.136739
40.820653,11.645870
52.929561,32.675961
63.390099,66.767083
19.729437,2.184510
26.529110,11.292611
26.919417,3.511167
31.521066,15.026285
24.383472,8.322026
31.410096,12.462847
31.508770,14.774934
15.718668,4.233850
12.669357,0.153472
68.583024,1.838165
67.843400,4.584890
12.438285,3.011801
13.179470,4.823158
14.451952,11.883270
61.602877,9.883706
57.032256,4.802855
55.515027,6.374345
52.087760,2.393930
51.631708,11.608775
50.943339,11.434427
39.076321,18.538521
26.669710,4.350279
33.213080,7.107037
33.249112,5.481678
38.034196,19.128853
42.096152,12.429912
52.299438,3.673079
48.963980,9.730620
48.045399,8.219286
45.451873,10.487555
51.421636,9.697174
41.203780,9.562712
25.791200,9.550709
35.954877,8.781739
44.885303,4.619845
36.340292,2.333906
32.823352,6.510745
33.502578,5.978218
37.120346,8.234930
21.872710,3.561999
28.695241,9.050905
38.866115,32.798807
19.743160,7.890503
36.394032,0.135708
32.338024,11.555314
29.984024,13.141198
30.390167,9.909135
28.652244,0.721060
35.686303,1.904359
27.874263,1.264295
23.620707,2.141323
36.421508,2.805880
39.967749,16.261058
40.047651,0.623453
42.244253,1.841486
41.895156,5.873874
38.946897,6.389788
31.028122,0.602268
34.365528,2.429656
24.632367,6.289654
40.304849,0.399570
40.530855,4.264286
37.497855,0.633492
47.469309,0.056206
40.701033,31.393404
19.273312,3.030683
30.515692,14.786843
