34.361548,3.100229
40.024253,7.270007
39.553304,7.871943
42.306198,7.979882
34.738096,7.095650
30.342238,8.505084
42.892565,0.682551
38.123728,6.607627
44.064429,5.530485
49.984434,10.136739
44.777041,11.645870
58.211186,32.675961
69.814463,66.767083
21.199459,2.184510
28.497807,11.292611
29.432790,3.511167
33.291008,15.026285
25.157874,8.322026
32.461572,12.462847
32.547405,14.774934
16.137784,4.233850
12.955230,0.153472
75.955289,1.838165
75.173636,4.584890
12.698391,3.011801
13.429238,4.823158
14.750005,11.883270
68.214933,9.883706
63.085974,4.802855
61.368687,6.374345
57.553499,2.393930
56.971335,11.608775
56.174482,11.434427
43.069777,18.538521
28.693867,4.350279
35.730595,7.107037
35.953102,5.481678
39.501671,19.128853
43.947919,12.429912
54.894517,3.673079
51.631143,9.730620
50.938853,8.219286
48.273328,10.487555
54.835266,9.697174
43.920399,9.562712
27.360617,9.550709
38.110280,8.781739
47.368329,4.619845
38.287862,2.333906
34.127803,6.510745
34.843505,5.978218
38.216015,8.234930
22.383566,3.561999
29.362387,9.050905
42.661082,32.798807
20.382968,7.890503
40.383039,0.135708
35.890038,11.555314
33.271359,13.141198
33.712252,9.909135
31.774897,0.721060
39.582911,1.904359
30.912585,1.264295
26.190612,2.141323
40.368843,2.805880
41.713482,16.261058
43.398101,0.623453
45.399182,1.841486
44.364263,5.873874
41.536719,6.389788
33.540332,0.602268
37.508201,2.429656
26.457067,6.289654
44.140140,0.399570
43.974447,4.264286
39.720303,0.633492
51.728291,0.056206
43.603780,31.393404
19.742785,3.030683
33.039793,14.786843
