27.498318,3.100229
32.168269,7.270007
31.903788,7.871943
34.173347,7.979882
28.104270,7.095650
24.613504,8.505084
34.447662,0.682551
30.556637,6.607627
35.180728,5.530485
39.720077,10.136739
35.621538,11.645870
46.484969,32.675961
55.871898,66.767083
16.454945,2.184510
22.113628,11.292611
23.310949,3.511167
25.449243,15.026285
19.061340,8.322026
24.585956,12.462847
24.652873,14.774934
12.280594,4.233850
10.074042,0.153472
61.372780,1.838165
60.801563,4.584890
10.074677,3.011801
10.910160,4.823158
11.743504,11.883270
55.102911,9.883706
50.856932,4.802855
49.415913,6.374345
46.306255,2.393930
45.731293,11.608775
45.042746,11.434427
34.510311,18.538521
22.301612,4.350279
27.768110,7.107037
28.095183,5.481678
29.928614,19.128853
33.358353,12.429912
41.787675,3.673079
39.423694,9.730620
39.056747,8.219286
37.066361,10.487555
42.253844,9.697174
33.830323,9.562712
20.988551,9.550709
29.214445,8.781739
36.189666,4.619845
29.218103,2.333906
25.864655,6.510745
26.409202,5.978218
28.987172,8.234930
17.263185,3.561999
22.667229,9.050905
33.969976,32.798807
15.440763,7.890503
32.761558,0.135708
29.130938,11.555314
26.993765,13.141198
27.333374,9.909135
25.745671,0.721060
32.085217,1.904359
25.047789,1.264295
21.213319,2.141323
32.671036,2.805880
31.658085,16.261058
33.995921,0.623453
35.244493,1.841486
33.982676,5.873874
32.009537,6.389788
26.200064,0.602268
29.638696,2.429656
20.527516,6.289654
35.036377,0.399570
34.495351,4.264286
30.433030,0.633492
40.793227,0.056206
33.745144,31.393404
15.125881,3.030683
25.855915,14.786843
