30.281640,3.100229
35.160253,7.270007
34.663432,7.871943
37.042939,7.979882
30.388231,7.095650
26.504728,8.505084
37.700043,0.682551
33.557423,6.607627
38.904211,5.530485
44.305604,10.136739
39.651704,11.645870
51.385779,32.675961
61.523469,66.767083
19.256903,2.184510
25.895522,11.292611
26.166968,3.511167
30.904257,15.026285
24.068967,8.322026
30.988613,12.462847
31.090814,14.774934
15.541929,4.233850
12.547350,0.153472
66.493400,1.838165
65.770663,4.584890
12.327309,3.011801
13.072913,4.823158
14.324785,11.883270
59.727438,9.883706
55.306572,4.802855
53.841539,6.374345
50.521933,2.393930
50.092721,11.608775
49.431278,11.434427
37.919810,18.538521
26.022606,4.350279
32.407944,7.107037
32.402566,5.481678
37.467370,19.128853
41.405823,12.429912
51.363500,3.673079
48.026602,9.730620
47.056642,8.219286
44.495920,10.487555
50.286902,9.697174
40.298968,9.562712
25.256458,9.550709
35.217376,8.781739
44.016383,4.619845
35.652712,2.333906
32.323476,6.510745
32.989705,5.978218
36.667662,8.234930
21.654575,3.561999
28.410381,9.050905
37.747876,32.798807
19.484602,7.890503
35.274011,0.135708
31.341804,11.555314
29.061146,13.141198
29.456133,9.909135
27.772953,0.721060
34.590111,1.904359
27.018782,1.264295
22.896452,2.141323
35.306973,2.805880
39.315689,16.261058
39.007909,0.623453
41.230809,1.841486
41.046267,5.873874
38.086420,6.389788
30.240544,0.602268
33.418003,2.429656
24.044813,6.289654
39.164224,0.399570
39.467389,4.264286
36.734978,0.633492
46.177010,0.056206
39.755886,31.393404
19.073080,3.030683
29.729600,14.786843
