27.923955,3.100229
32.352601,7.270007
31.849786,7.871943
34.019768,7.979882
27.895202,7.095650
24.314780,8.505084
34.701491,0.682551
30.918737,6.607627
35.924751,5.530485
41.044250,10.136739
36.703060,11.645870
47.444386,32.675961
56.732274,66.767083
18.311418,2.184510
24.634850,11.292611
24.305076,3.511167
30.286441,15.026285
24.853816,8.322026
31.861186,12.462847
32.007035,14.774934
16.271062,4.233850
13.239004,0.153472
61.060806,1.838165
60.379417,4.584890
12.961881,3.011801
13.682242,4.823158
15.051968,11.883270
54.852464,9.883706
50.827542,4.802855
49.502865,6.374345
46.466142,2.393930
46.119564,11.608775
45.534958,11.434427
34.943726,18.538521
24.695595,4.350279
30.759623,7.107037
30.523195,5.481678
38.058406,19.128853
41.562577,12.429912
50.966984,3.673079
47.213057,9.730620
45.780907,8.219286
43.151235,10.487555
48.418596,9.697174
38.830366,9.562712
24.544907,9.550709
34.279163,8.781739
43.202597,4.619845
35.106749,2.333906
32.747502,6.510745
33.401311,5.978218
38.086388,8.234930
22.853926,3.561999
29.985919,9.050905
34.917783,32.798807
20.086883,7.890503
32.358906,0.135708
28.748915,11.555314
26.659149,13.141198
27.025199,9.909135
25.484705,0.721060
31.737224,1.904359
24.792484,1.264295
21.011804,2.141323
32.407383,2.805880
39.490552,16.261058
36.635653,0.623453
39.196544,1.841486
40.024158,5.873874
36.664798,6.389788
28.499997,0.602268
31.102502,2.429656
22.878635,6.289654
36.312601,0.399570
37.007468,4.264286
35.799089,0.633492
43.058585,0.056206
37.983537,31.393404
20.094398,3.030683
27.955063,14.786843
