27.411335,3.100229
32.087527,7.270007
31.841673,7.871943
34.114761,7.979882
28.063393,7.095650
24.588976,8.505084
34.357211,0.682551
30.467120,6.607627
35.057264,5.530485
39.553664,10.136739
35.477960,11.645870
46.323240,32.675961
55.695444,66.767083
16.333159,2.184510
21.949130,11.292611
23.202281,3.511167
25.209522,15.026285
18.852281,8.322026
24.317084,12.462847
24.382980,14.774934
12.147135,4.233850
9.974210,0.153472
61.270671,1.838165
60.710391,4.584890
9.983768,3.011801
10.822907,4.823158
11.639333,11.883270
55.008684,9.883706
50.753383,4.802855
49.306339,6.374345
46.197696,2.393930
45.607658,11.608775
44.913542,11.434427
34.407609,18.538521
22.140474,4.350279
27.567126,7.107037
27.912468,5.481678
29.607197,19.128853
33.010840,12.429912
41.369994,3.673079
39.046195,9.730620
38.704429,8.219286
36.739072,10.487555
41.900446,9.697174
33.545668,9.562712
20.800564,9.550709
28.950095,8.781739
35.845957,4.619845
28.936002,2.333906
25.588452,6.510745
26.127596,5.978218
28.669183,8.234930
17.085760,3.561999
22.435239,9.050905
33.837631,32.798807
15.271558,7.890503
32.729438,0.135708
29.104942,11.555314
26.967601,13.141198
27.303704,9.909135
25.714796,0.721060
32.048999,1.904359
25.017889,1.264295
21.186564,2.141323
32.625414,2.805880
31.327623,16.261058
33.786017,0.623453
34.984413,1.841486
33.671737,5.873874
31.742217,6.389788
26.028374,0.602268
29.491024,2.429656
20.374481,6.289654
34.883959,0.399570
34.288863,4.264286
30.155580,0.633492
40.578608,0.056206
33.482188,31.393404
14.965910,3.030683
25.692786,14.786843
