32.905557,3.100229
38.165299,7.270007
37.597591,7.871943
40.167950,7.979882
32.943272,7.095650
28.722593,8.505084
40.929375,0.682551
36.450014,6.607627
42.303666,5.530485
48.249927,10.136739
43.165456,11.645870
55.872453,32.675961
66.853884,66.767083
21.200701,2.184510
28.514221,11.292611
28.530781,3.511167
34.395814,15.026285
27.193324,8.322026
34.978250,12.462847
35.103706,14.774934
17.594104,4.233850
14.123026,0.153472
72.099052,1.838165
71.303686,4.584890
13.763024,3.011801
14.451437,4.823158
15.969967,11.883270
64.765854,9.883706
59.994616,4.802855
58.419039,6.374345
54.826746,2.393930
54.390252,11.608775
53.686588,11.434427
41.191743,18.538521
28.627194,4.350279
35.653579,7.107037
35.541058,5.481678
42.162463,19.128853
46.437130,12.429912
57.400413,3.673079
53.508392,9.730620
52.242245,8.219286
49.343863,10.487555
55.622422,9.697174
44.586711,9.562712
28.028998,9.550709
39.104877,8.781739
49.014614,4.619845
39.743917,2.333906
36.347889,6.510745
37.090532,5.978218
41.472781,8.234930
24.447731,3.561999
32.064437,9.050905
41.080269,32.798807
22.006227,7.890503
38.225251,0.135708
33.962093,11.555314
31.492343,13.141198
31.922985,9.909135
30.101466,0.721060
37.488129,1.904359
29.283936,1.264295
24.817363,2.141323
38.273546,2.805880
44.101654,16.261058
42.733942,0.623453
45.388240,1.841486
45.605396,5.873874
42.124685,6.389788
33.175943,0.602268
36.469307,2.429656
26.478314,6.289654
42.667684,0.399570
43.208446,4.264286
40.806914,0.633492
50.434804,0.056206
43.848015,31.393404
21.574968,3.030683
32.585390,14.786843
