24.125129,3.100229
28.172090,7.270007
27.898962,7.871943
29.865677,7.979882
24.545386,7.095650
21.472219,8.505084
30.177704,0.682551
26.791071,6.607627
30.894940,5.530485
34.949072,10.136739
31.328443,11.645870
40.818611,32.675961
49.017472,66.767083
14.625935,2.184510
19.658218,11.292611
20.539334,3.511167
22.798834,15.026285
17.272507,8.322026
22.256419,12.462847
22.323461,14.774934
11.171504,4.233850
9.251594,0.153472
53.629571,1.838165
53.108219,4.584890
9.325742,3.011801
10.190984,4.823158
10.885303,11.883270
48.156459,9.883706
44.483285,4.802855
43.243446,6.374345
40.535837,2.393930
40.071081,11.608775
39.485437,11.434427
30.261373,18.538521
19.810672,4.350279
24.667665,7.107037
24.896832,5.481678
27.021542,19.128853
30.042516,12.429912
37.540676,3.673079
35.343195,9.730620
34.928722,8.219286
33.122655,10.487555
37.689036,9.697174
30.181375,9.562712
18.765210,9.550709
26.129742,8.781739
32.432181,4.619845
26.203760,2.333906
23.339366,6.510745
23.827553,5.978218
26.305462,8.234930
15.801209,3.561999
20.755735,9.050905
29.864386,32.798807
13.986301,7.890503
28.579257,0.135708
25.406685,11.555314
23.547134,13.141198
23.850164,9.909135
22.471101,0.721060
27.999447,1.904359
21.861682,1.264295
18.518068,2.141323
28.529681,2.805880
28.515247,16.261058
30.093747,0.623453
31.324594,1.841486
30.407561,5.873874
28.550097,6.389788
23.221228,0.602268
26.139754,2.429656
18.249270,6.289654
30.842372,0.399570
30.517508,4.264286
27.227501,0.633492
36.007865,0.056206
30.035887,31.393404
13.806117,3.030683
22.898011,14.786843
