31.215717,3.100229
36.177988,7.270007
35.622526,7.871943
38.051799,7.979882
31.203026,7.095650
27.199851,8.505084
38.802730,0.682551
34.567941,6.607627
40.150907,5.530485
45.847828,10.136739
41.004345,11.645870
53.026789,32.675961
63.420233,66.767083
20.344934,2.184510
27.367857,11.292611
27.136735,3.511167
33.399029,15.026285
26.971294,8.322026
34.629922,12.462847
34.772629,14.774934
17.554788,4.233850
14.157503,0.153472
68.298530,1.838165
67.538661,4.584890
13.796390,3.011801
14.483486,4.823158
16.008211,11.883270
61.353653,9.883706
56.846823,4.802855
55.362100,6.374345
51.963632,2.393930
51.568485,11.608775
50.910822,11.434427
39.067039,18.538521
27.450533,4.350279
34.189957,7.107037
33.983604,5.481678
41.534436,19.128853
45.525399,12.429912
56.013519,3.673079
52.021797,9.730620
50.582458,8.219286
47.716048,10.487555
53.636568,9.697174
43.007244,9.562712
27.126822,9.550709
37.869679,8.781739
47.623080,4.619845
38.665099,2.333906
35.768219,6.510745
36.489604,5.978218
41.237008,8.234930
24.496153,3.561999
32.130922,9.050905
39.014229,32.798807
21.811456,7.890503
36.198516,0.135708
32.160463,11.555314
29.822479,13.141198
30.231560,9.909135
28.507869,0.721060
35.502441,1.904359
27.733554,1.264295
23.504150,2.141323
36.250638,2.805880
43.247285,16.261058
40.814834,0.623453
43.551903,1.841486
44.195954,5.873874
40.617878,6.389788
31.727831,0.602268
34.713140,2.429656
25.415686,6.289654
40.556261,0.399570
41.242837,4.264286
39.536567,0.633492
48.039861,0.056206
42.155303,31.393404
21.592530,3.030683
31.136190,14.786843
