33.062395,3.100229
38.956428,7.270007
38.883333,7.871943
41.761897,7.979882
34.450675,7.095650
30.340661,8.505084
41.663085,0.682551
36.833385,6.607627
42.141289,5.530485
47.235369,10.136739
42.432657,11.645870
55.700203,32.675961
67.180818,66.767083
18.930105,2.184510
25.430184,11.292611
27.584421,3.511167
28.667656,15.026285
21.017019,8.322026
27.144637,12.462847
27.207699,14.774934
13.481700,4.233850
10.963162,0.153472
75.045738,1.838165
74.491600,4.584890
10.884332,3.011801
11.688538,4.823158
12.671297,11.883270
67.342519,9.883706
61.919451,4.802855
60.040903,6.374345
56.182014,2.393930
55.262542,11.608775
54.331559,11.434427
41.578030,18.538521
25.702452,4.350279
31.998437,7.107037
32.619587,5.481678
33.176860,19.128853
37.147168,12.429912
46.771753,3.673079
44.334039,9.730620
44.184135,8.219286
42.016909,10.487555
48.130606,9.697174
38.515338,9.562712
23.760009,9.550709
33.039956,8.781739
40.731906,4.619845
32.828573,2.333906
28.698962,6.510745
29.310019,5.978218
31.904255,8.234930
18.843683,3.561999
24.733682,9.050905
40.523206,32.798807
17.033554,7.890503
40.392797,0.135708
35.956359,11.555314
33.286149,13.141198
33.656140,9.909135
31.656853,0.721060
39.486059,1.904359
30.800825,1.264295
26.064191,2.141323
40.076524,2.805880
35.244270,16.261058
39.603879,0.623453
40.555059,1.841486
38.391210,5.873874
36.466194,6.389788
30.403832,0.602268
34.955128,2.429656
23.602220,6.289654
41.595001,0.399570
40.263479,4.264286
34.393213,0.633492
47.971575,0.056206
38.665640,31.393404
16.552842,3.030683
30.079516,14.786843
