26.020362,3.100229
30.210790,7.270007
29.782872,7.871943
31.826987,7.979882
26.109036,7.095650
22.772070,8.505084
32.393333,0.682551
28.834549,6.607627
33.430768,5.530485
38.075607,10.136739
34.075333,11.645870
44.156152,32.675961
52.865768,66.767083
16.563982,2.184510
22.274643,11.292611
22.489244,3.511167
26.622657,15.026285
20.844825,8.322026
26.818027,12.462847
26.911966,14.774934
13.507239,4.233850
11.027191,0.153472
57.130450,1.838165
56.509099,4.584890
10.942960,3.011801
11.743710,4.823158
12.738465,11.883270
51.317310,9.883706
47.519716,4.802855
46.261438,6.374345
43.409534,2.393930
43.041859,11.608775
42.474092,11.434427
32.583107,18.538521
22.381760,4.350279
27.873875,7.107037
27.861278,5.481678
32.372487,19.128853
35.732481,12.429912
44.284295,3.673079
41.380828,9.730620
40.520102,8.219286
38.308477,10.487555
43.278578,9.697174
34.683861,9.562712
21.746838,9.550709
30.326213,8.781739
37.921759,4.619845
30.722478,2.333906
27.919956,6.510745
28.493490,5.978218
31.793942,8.234930
18.953289,3.561999
24.878239,9.050905
32.438654,32.798807
16.869666,7.890503
30.306363,0.135708
26.927873,11.555314
24.968451,13.141198
25.307888,9.909135
23.861827,0.721060
29.718896,1.904359
23.213858,1.264295
19.672097,2.141323
30.335068,2.805880
33.930752,16.261058
33.537321,0.623453
35.464653,1.841486
35.349099,5.873874
32.778155,6.389788
26.002711,0.602268
28.722887,2.429656
20.682875,6.289654
33.658005,0.399570
33.930489,4.264286
31.635155,0.633492
39.691610,0.056206
34.203162,31.393404
16.637882,3.030683
25.561300,14.786843
