25.207929,3.100229
29.198320,7.270007
28.740393,7.871943
30.697231,7.979882
25.169888,7.095650
21.938318,8.505084
31.319387,0.682551
27.908509,6.607627
32.436474,5.530485
37.076461,10.136739
33.150771,11.645870
42.836810,32.675961
51.214081,66.767083
16.630791,2.184510
22.376267,11.292611
21.964980,3.511167
27.740264,15.026285
23.216751,8.322026
29.704011,12.462847
29.857017,14.774934
15.310980,4.233850
12.585238,0.153472
55.096868,1.838165
54.480761,4.584890
12.370526,3.011801
13.114511,4.823158
14.374385,11.883270
49.495270,9.883706
45.866267,4.802855
44.672792,6.374345
41.933778,2.393930
41.625754,11.608775
41.100681,11.434427
31.542246,18.538521
22.418130,4.350279
27.923867,7.107037
27.660927,5.481678
35.301796,19.128853
38.378260,12.429912
46.871721,3.673079
43.286347,9.730620
41.838960,8.219286
39.398601,10.487555
44.118214,9.697174
35.388782,9.562712
22.424216,9.550709
31.332077,8.781739
39.589618,4.619845
32.203988,2.333906
30.344265,6.510745
30.942472,5.978218
35.680081,8.234930
21.674366,3.561999
28.447527,9.050905
31.535154,32.798807
18.749507,7.890503
29.196201,0.135708
25.938903,11.555314
24.053511,13.141198
24.383986,9.909135
22.994267,0.721060
28.635597,1.904359
22.369680,1.264295
18.958581,2.141323
29.241034,2.805880
36.473781,16.261058
33.178754,0.623453
35.596868,1.841486
36.602775,5.873874
33.406696,6.389788
25.830143,0.602268
28.117777,2.429656
20.782054,6.289654
32.806718,0.399570
33.504206,4.264286
32.733051,0.633492
38.939902,0.056206
34.538603,31.393404
19.002500,3.030683
25.323721,14.786843
