33.516134,3.100229
39.624222,7.270007
39.674475,7.871943
42.670626,7.979882
35.257381,7.095650
31.147462,8.505084
42.351163,0.682551
37.382752,6.607627
42.647640,5.530485
47.652505,10.136739
42.838174,11.645870
56.377641,32.675961
68.104484,66.767083
18.855133,2.184510
25.326126,11.292611
27.770252,3.511167
28.368687,15.026285
20.717767,8.322026
26.759628,12.462847
26.821229,14.774934
13.291787,4.233850
10.821684,0.153472
76.702420,1.838165
76.214054,4.584890
10.755516,3.011801
11.565995,4.823158
12.523711,11.883270
68.809698,9.883706
63.146705,4.802855
61.168042,6.374345
57.196467,2.393930
56.152257,11.608775
55.159128,11.434427
42.188206,18.538521
25.616606,4.350279
31.890135,7.107037
32.596714,5.481678
32.719175,19.128853
36.661645,12.429912
46.209901,3.673079
43.852060,9.730620
43.775258,8.219286
41.652534,10.487555
47.783983,9.697174
38.231697,9.562712
23.544739,9.550709
32.731427,8.781739
40.298065,4.619845
32.464384,2.333906
28.306778,6.510745
28.910479,5.978218
31.449932,8.234930
18.592211,3.561999
24.404883,9.050905
40.935738,32.798807
16.791289,7.890503
41.471723,0.135708
36.940587,11.555314
34.178006,13.141198
34.529310,9.909135
32.452680,0.721060
40.498262,1.904359
31.576321,1.264295
26.708261,2.141323
41.030313,2.805880
34.781871,16.261058
39.625688,0.623453
40.397550,1.841486
38.021081,5.873874
36.205038,6.389788
30.376856,0.602268
35.142547,2.429656
23.504289,6.289654
41.932269,0.399570
40.315086,4.264286
34.065026,0.633492
48.172853,0.056206
38.460322,31.393404
16.325944,3.030683
30.080546,14.786843
