29.181141,3.100229
34.224140,7.270007
34.017931,7.871943
36.471371,7.979882
30.025107,7.095650
26.343955,8.505084
36.632599,0.682551
32.456207,6.607627
37.283346,5.530485
41.982666,10.136739
37.673967,11.645870
49.269003,32.675961
59.292268,66.767083
17.174290,2.184510
23.076877,11.292611
24.593582,3.511167
26.340785,15.026285
19.559446,8.322026
25.241413,12.462847
25.306199,14.774934
12.582108,4.233850
10.296209,0.153472
65.512989,1.838165
64.945532,4.584890
10.276987,3.011801
11.104594,4.823158
11.975331,11.883270
58.809380,9.883706
54.207987,4.802855
52.634469,6.374345
49.297685,2.393930
48.617135,11.608775
47.854270,11.434427
36.649015,18.538521
23.292909,4.350279
29.000937,7.107037
29.428142,5.481678
30.775952,19.128853
34.366153,12.429912
43.139579,3.673079
40.776841,9.730620
40.494370,8.219286
38.461672,10.487555
43.929351,9.697174
35.164498,9.562712
21.767007,9.550709
30.286196,8.781739
37.444697,4.619845
30.210272,2.333906
26.607121,6.510745
27.169871,5.978218
29.724952,8.234930
17.658150,3.561999
23.183619,9.050905
35.946089,32.798807
15.847313,7.890503
35.067136,0.135708
31.192085,11.555314
28.894735,13.141198
29.244589,9.909135
27.533317,0.721060
34.322728,1.904359
26.787571,1.264295
22.680643,2.141323
34.912064,2.805880
32.610932,16.261058
35.655006,0.623453
36.788460,1.841486
35.214140,5.873874
33.280523,6.389788
27.437736,0.602268
31.230443,2.429656
21.420267,6.289654
37.009017,0.399570
36.205589,4.264286
31.540331,0.633492
42.937313,0.056206
35.164986,31.393404
15.482708,3.030683
27.103378,14.786843
