22.981079,3.100229
27.123006,7.270007
27.117400,7.871943
29.147258,7.979882
24.066582,7.095650
21.233977,8.505084
28.998353,0.682551
25.616678,6.607627
29.268906,5.530485
32.763282,10.136739
29.440541,11.645870
38.688664,32.675961
46.696735,66.767083
13.094518,2.184510
17.590995,11.292611
19.118155,3.511167
19.890708,15.026285
14.842878,8.322026
19.123178,12.462847
19.180909,14.774934
9.631303,4.233850
8.102267,0.153472
52.386444,1.838165
52.029852,4.584890
8.279148,3.011801
9.187298,4.823158
9.686035,11.883270
47.001670,9.883706
43.170746,4.802855
41.837911,6.374345
39.134406,2.393930
38.455911,11.608775
37.791994,11.434427
28.913137,18.538521
17.778597,4.350279
22.133611,7.107037
22.566142,5.481678
23.243833,19.128853
25.919205,12.429912
32.534293,3.673079
30.777918,9.730620
30.621752,8.219286
29.107486,10.487555
33.317163,9.697174
26.663045,9.562712
16.464383,9.550709
22.899846,8.781739
28.269004,4.619845
22.797738,2.333906
20.086571,6.510745
20.509488,5.978218
22.622180,8.234930
13.758456,3.561999
18.084791,9.050905
28.122912,32.798807
12.017860,7.890503
28.270957,0.135708
25.175660,11.555314
23.298135,13.141198
23.545457,9.909135
22.136508,0.721060
27.619062,1.904359
21.538395,1.264295
18.221293,2.141323
28.002726,2.805880
24.596400,16.261058
27.402822,0.623453
28.052993,1.841486
26.615690,5.873874
25.242370,6.389788
21.032846,0.602268
24.215470,2.429656
16.326605,6.289654
28.842999,0.399570
27.862977,4.264286
23.841889,0.633492
33.220929,0.056206
26.750749,31.393404
11.963644,3.030683
20.810976,14.786843
