29.275926,3.100229
34.273487,7.270007
34.013340,7.871943
36.442447,7.979882
29.979043,7.095650
26.268655,8.505084
36.697205,0.682551
32.540738,6.607627
37.439842,5.530485
42.236634,10.136739
37.885617,11.645870
49.471733,32.675961
59.484041,66.767083
17.425455,2.184510
23.416648,11.292611
24.773742,3.511167
26.865118,15.026285
20.027012,8.322026
25.842587,12.462847
25.909715,14.774934
12.880526,4.233850
10.519288,0.153472
65.451608,1.838165
64.854264,4.584890
10.480127,3.011801
11.299507,4.823158
12.208108,11.883270
58.762014,9.883706
54.214281,4.802855
52.667367,6.374345
49.346005,2.393930
48.713361,11.608775
47.970831,11.434427
36.749164,18.538521
23.622753,4.350279
29.412572,7.107037
29.788638,5.481678
31.493261,19.128853
35.138765,12.429912
44.062567,3.673079
41.605017,9.730620
41.258447,8.219286
39.168262,10.487555
44.682881,9.697174
35.772332,9.562712
22.174093,9.550709
30.859861,8.781739
38.197625,4.619845
30.830064,2.333906
27.223120,6.510745
27.797813,5.978218
30.436203,8.234930
18.054629,3.561999
23.702027,9.050905
36.134870,32.798807
16.225713,7.890503
34.965247,0.135708
31.093404,11.555314
28.809838,13.141198
29.168582,9.909135
27.470846,0.721060
34.237844,1.904359
26.726363,1.264295
22.633244,2.141323
34.852689,2.805880
33.345836,16.261058
36.060612,0.623453
37.324352,1.841486
35.890435,5.873874
33.850308,6.389788
27.777461,0.602268
31.486189,2.429656
21.736574,6.289654
37.248999,0.399570
36.599298,4.264286
32.143348,0.633492
43.321053,0.056206
35.715476,31.393404
15.840239,3.030683
27.421412,14.786843
