25.117627,3.100229
29.167078,7.270007
28.757091,7.871943
30.732014,7.979882
25.211787,7.095650
21.990795,8.505084
31.273441,0.682551
27.835764,6.607627
32.268033,5.530485
36.744096,10.136739
32.885299,11.645870
42.620730,32.675961
51.031737,66.767083
15.964717,2.184510
21.468395,11.292611
21.699507,3.511167
25.633260,15.026285
20.058271,8.322026
25.804687,12.462847
25.895398,14.774934
13.004723,4.233850
10.648852,0.153472
55.165387,1.838165
54.566780,4.584890
10.598381,3.011801
11.412858,4.823158
12.343614,11.883270
49.551829,9.883706
45.882309,4.802855
44.665865,6.374345
41.911271,2.393930
41.553114,11.608775
41.003442,11.434427
31.454130,18.538521
21.573772,4.350279
26.867465,7.107037
26.864067,5.481678
31.149050,19.128853
34.386535,12.429912
42.625389,3.673079
39.839630,9.730620
39.022515,8.219286
36.896331,10.487555
41.693232,9.697174
33.412493,9.562712
20.943801,9.550709
29.204952,8.781739
36.510922,4.619845
29.576979,2.333906
26.865304,6.510745
27.417325,5.978218
30.598568,8.234930
18.281386,3.561999
23.999565,9.050905
31.307024,32.798807
16.232708,7.890503
29.266651,0.135708
26.004314,11.555314
24.111895,13.141198
24.439362,9.909135
23.042604,0.721060
28.698841,1.904359
22.416897,1.264295
18.996564,2.141323
29.292833,2.805880
32.652349,16.261058
32.341403,0.623453
34.181932,1.841486
34.040296,5.873874
31.577651,6.389788
25.071490,0.602268
27.711212,2.429656
19.934089,6.289654
32.479349,0.399570
32.723051,4.264286
30.464398,0.633492
38.289782,0.056206
32.959594,31.393404
16.033210,3.030683
24.648428,14.786843
