34.410831,3.100229
40.498905,7.270007
40.380149,7.871943
43.349506,7.979882
35.741164,7.095650
31.445361,8.505084
43.321773,0.682551
38.320289,6.607627
43.885266,5.530485
49.243251,10.136739
44.225492,11.645870
58.002430,32.675961
69.920166,66.767083
19.819911,2.184510
26.626661,11.292611
28.777449,3.511167
30.073314,15.026285
22.042452,8.322026
28.475059,12.462847
28.539580,14.774934
14.122917,4.233850
11.439830,0.153472
77.890657,1.838165
77.289298,4.584890
11.318394,3.011801
12.105079,4.823158
13.168682,11.883270
69.901979,9.883706
64.314158,4.802855
62.384486,6.374345
58.388808,2.393930
57.470617,11.608775
56.518835,11.434427
43.259941,18.538521
26.905144,4.350279
33.496226,7.107037
34.116124,5.481678
34.815660,19.128853
38.986058,12.429912
49.081741,3.673079
46.512823,9.730620
46.336243,8.219286
44.056222,10.487555
50.444656,9.697174
40.369094,9.562712
24.915958,9.550709
34.650061,8.781739
42.731433,4.619845
34.443667,2.333906
30.117849,6.510745
30.759378,5.978218
33.448110,8.234930
19.690956,3.561999
25.841485,9.050905
42.226438,32.798807
17.866178,7.890503
41.861921,0.135708
37.256392,11.555314
34.495900,13.141198
34.888687,9.909135
32.824567,0.721060
40.936120,1.904359
31.936569,1.264295
27.029301,2.141323
41.572629,2.805880
36.988969,16.261058
41.403457,0.623453
42.460283,1.841486
40.265414,5.873874
38.218968,6.389788
31.800690,0.602268
36.483991,2.429656
24.713152,6.289654
43.373767,0.399570
42.082664,4.264286
36.071279,0.633492
50.089584,0.056206
40.500705,31.393404
17.317434,3.030683
31.451769,14.786843
