22.321465,3.100229
25.934050,7.270007
25.579661,7.871943
27.340335,7.979882
22.432661,7.095650
19.571095,8.505084
27.804448,0.682551
24.741992,6.607627
28.666801,5.530485
32.621080,10.136739
29.200128,11.645870
37.865177,32.675961
45.350948,66.767083
14.114584,2.184510
18.979378,11.292611
19.254660,3.511167
22.591096,15.026285
17.658058,8.322026
22.710397,12.462847
22.791847,14.774934
11.474592,4.233850
9.498778,0.153472
49.078640,1.838165
48.550623,4.584890
9.550972,3.011801
10.407175,4.823158
11.143393,11.883270
44.083252,9.883706
40.810288,4.802855
39.723382,6.374345
37.270209,2.393930
36.941583,11.608775
36.448022,11.434427
27.957102,18.538521
19.078604,4.350279
23.759599,7.107037
23.781705,5.481678
27.406483,19.128853
30.262101,12.429912
37.533557,3.673079
35.102864,9.730620
34.413125,8.219286
32.548005,10.487555
36.806817,9.697174
29.494221,9.562712
18.471780,9.550709
25.754077,8.781739
32.173851,4.619845
26.057182,2.333906
23.637826,6.510745
24.123706,5.978218
26.954125,8.234930
16.238603,3.561999
21.328222,9.050905
27.802541,32.798807
14.288510,7.890503
26.046552,0.135708
23.144008,11.555314
21.459057,13.141198
21.749382,9.909135
20.505269,0.721060
25.539522,1.904359
19.948515,1.264295
16.904245,2.141323
26.064658,2.805880
28.735261,16.261058
28.643516,0.623453
30.221615,1.841486
30.013222,5.873874
27.877321,6.389788
22.193269,0.602268
24.579901,2.429656
17.622523,6.289654
28.829912,0.399570
28.988841,4.264286
26.861784,0.633492
33.951719,0.056206
29.122658,31.393404
14.194066,3.030683
21.826147,14.786843
