32.497745,3.100229
38.631574,7.270007
38.871030,7.871943
41.894767,7.979882
34.700704,7.095650
30.796310,8.505084
41.249553,0.682551
36.317427,6.607627
41.233759,5.530485
45.816018,10.136739
41.241054,11.645870
54.522142,32.675961
66.037874,66.767083
17.619486,2.184510
23.657374,11.292611
26.596229,3.511167
25.858919,15.026285
17.892019,8.322026
23.257666,12.462847
23.269191,14.774934
11.147465,4.233850
8.281550,0.153472
75.342972,1.838165
74.978564,4.584890
7.541410,3.011801
7.245173,4.823158
8.641758,11.883270
67.561271,9.883706
61.818831,4.802855
59.786401,6.374345
55.842958,2.393930
54.655697,11.608775
53.614611,11.434427
40.970040,18.538521
23.980101,4.350279
29.849124,7.107037
30.725063,5.481678
28.862907,19.128853
32.731682,12.429912
41.685938,3.673079
39.870647,9.730620
40.139310,8.219286
38.291872,10.487555
44.185451,9.697174
35.331216,9.562712
21.608203,9.550709
30.001056,8.781739
36.686858,4.619845
29.476577,2.333906
25.040884,6.510745
25.591928,5.978218
26.884147,8.234930
14.720428,3.561999
19.246829,9.050905
39.453145,32.798807
14.537687,7.890503
41.011160,0.135708
36.564770,11.555314
33.802432,13.141198
34.108454,9.909135
32.020121,0.721060
39.986917,1.904359
31.157176,1.264295
26.336003,2.141323
40.405020,2.805880
31.034036,16.261058
37.462076,0.623453
37.758503,1.841486
34.799156,5.873874
33.483431,6.389788
28.619573,0.602268
33.567045,2.429656
21.951900,6.289654
40.262976,0.399570
38.177709,4.264286
31.193241,0.633492
45.905311,0.056206
35.793587,31.393404
13.284688,3.030683
28.403654,14.786843
