27.257193,3.100229
32.152467,7.270007
32.117673,7.871943
34.505089,7.979882
28.472324,7.095650
25.085695,8.505084
34.380087,0.682551
30.379046,6.607627
34.718125,5.530485
38.854739,10.136739
34.917613,11.645870
45.891517,32.675961
55.385518,66.767083
15.382830,2.184510
20.660485,11.292611
22.662195,3.511167
22.918343,15.026285
16.017852,8.322026
20.814838,12.462847
20.827267,14.774934
9.985441,4.233850
7.418888,0.153472
62.008895,1.838165
61.561958,4.584890
6.755794,3.011801
6.487546,4.823158
7.741443,11.883270
55.640941,9.883706
51.139637,4.802855
49.575895,6.374345
46.381125,2.393930
45.596476,11.608775
44.815802,11.434427
34.289447,18.538521
20.906265,4.350279
26.025640,7.107037
26.625691,5.481678
25.797428,19.128853
29.197776,12.429912
37.086806,3.673079
35.374036,9.730620
35.476233,8.219286
33.797291,10.487555
38.865792,9.697174
31.089284,9.562712
19.089242,9.550709
26.521005,8.781739
32.532188,4.619845
26.166133,2.333906
22.372991,6.510745
22.863150,5.978218
24.075748,8.234930
13.187044,3.561999
17.241946,9.050905
33.356845,32.798807
13.013420,7.890503
33.397214,0.135708
29.730977,11.555314
27.521584,13.141198
27.825016,9.909135
26.169624,0.721060
32.643712,1.904359
25.462097,1.264295
21.545177,2.141323
33.123819,2.805880
27.686979,16.261058
32.371477,0.623453
32.959564,1.841486
30.784481,5.873874
29.449490,6.389788
24.811635,0.602268
28.691003,2.429656
19.173581,6.289654
34.201215,0.399570
32.935096,4.264286
27.588148,0.633492
39.340672,0.056206
31.346944,31.393404
11.900787,3.030683
24.572825,14.786843
