32.272066,3.100229
38.363299,7.270007
38.601092,7.871943
41.603831,7.979882
34.459727,7.095650
30.582447,8.505084
40.963098,0.682551
36.065222,6.607627
40.947413,5.530485
45.497851,10.136739
40.954658,11.645870
54.143516,32.675961
65.579277,66.767083
17.497128,2.184510
23.493087,11.292611
26.411533,3.511167
25.679343,15.026285
17.767769,8.322026
23.096154,12.462847
23.107599,14.774934
11.070052,4.233850
8.224039,0.153472
74.819757,1.838165
74.457879,4.584890
7.489039,3.011801
7.194860,4.823158
8.581746,11.883270
67.092096,9.883706
61.389534,4.802855
59.371217,6.374345
55.455160,2.393930
54.276143,11.608775
53.242287,11.434427
40.685526,18.538521
23.813573,4.350279
29.641839,7.107037
30.511694,5.481678
28.662470,19.128853
32.504379,12.429912
41.396452,3.673079
39.593767,9.730620
39.860564,8.219286
38.025956,10.487555
43.878607,9.697174
35.085860,9.562712
21.458146,9.550709
29.792715,8.781739
36.432088,4.619845
29.271879,2.333906
24.866988,6.510745
25.414207,5.978218
26.697452,8.234930
14.618203,3.561999
19.113171,9.050905
39.179164,32.798807
14.436731,7.890503
40.726360,0.135708
36.310848,11.555314
33.567692,13.141198
33.871590,9.909135
31.797759,0.721060
39.709230,1.904359
30.940806,1.264295
26.153114,2.141323
40.124429,2.805880
30.818522,16.261058
37.201923,0.623453
37.496291,1.841486
34.557496,5.873874
33.250907,6.389788
28.420826,0.602268
33.333940,2.429656
21.799457,6.289654
39.983372,0.399570
37.912586,4.264286
30.976621,0.633492
45.586524,0.056206
35.545020,31.393404
13.192433,3.030683
28.206406,14.786843
