29.913458,3.100229
35.794772,7.270007
36.251160,7.871943
39.187378,7.979882
32.574655,7.095650
29.118669,8.505084
38.173411,0.682551
33.505109,6.607627
37.834174,5.530485
41.797657,10.136739
37.672503,11.645870
50.040506,32.675961
60.789298,66.767083
15.743583,2.184510
21.134564,11.292611
24.175020,3.511167
22.904566,15.026285
15.781699,8.322026
20.516133,12.462847
20.525753,14.774934
9.831533,4.233850
7.303868,0.153472
70.521580,1.838165
70.339549,4.584890
6.651387,3.011801
6.397027,4.823158
7.622162,11.883270
63.198861,9.883706
57.589560,4.802855
55.577169,6.374345
51.836516,2.393930
50.538788,11.608775
49.492936,11.434427
37.780138,18.538521
21.446619,4.350279
26.693816,7.107037
27.589384,5.481678
25.470852,19.128853
28.905969,12.429912
36.855378,3.673079
35.296728,9.730620
35.605369,8.219286
33.992017,10.487555
39.300530,9.697174
31.418249,9.562712
19.172186,9.550709
26.609441,8.781739
32.486717,4.619845
26.088221,2.333906
22.100834,6.510745
22.587938,5.978218
23.711555,8.234930
12.982600,3.561999
16.974634,9.050905
36.079592,32.798807
12.823354,7.890503
38.787975,0.135708
34.637143,11.555314
31.976281,13.141198
32.201655,9.909135
30.174261,0.721060
37.724527,1.904359
29.363644,1.264295
24.793753,2.141323
37.961505,2.805880
27.405349,16.261058
33.704979,0.623453
33.742242,1.841486
30.853335,5.873874
29.783296,6.389788
25.691355,0.602268
30.439674,2.429656
19.609318,6.289654
36.684940,0.399570
34.388858,4.264286
27.659718,0.633492
41.546959,0.056206
31.920393,31.393404
11.716361,3.030683
25.534216,14.786843
