36.915107,3.100229
42.758207,7.270007
42.087310,7.871943
44.952797,7.979882
36.858526,7.095650
32.126175,8.505084
45.864397,0.682551
40.869702,6.607627
47.501157,5.530485
54.297183,10.136739
48.547908,11.645870
62.731739,32.675961
74.999142,66.767083
24.356930,2.184510
32.771532,11.292611
32.167451,3.511167
40.610070,15.026285
33.817025,8.322026
43.306092,12.462847
43.518179,14.774934
22.187457,4.233850
17.854935,0.153472
80.683410,1.838165
79.781091,4.584890
17.175391,3.011801
17.728053,4.823158
19.880318,11.883270
72.480502,9.883706
67.166432,4.802855
65.418852,6.374345
61.407944,2.393930
60.957216,11.608775
60.188475,11.434427
46.191052,18.538521
32.833025,4.350279
40.896577,7.107037
40.511437,5.481678
51.560997,19.128853
56.117053,12.429912
68.584501,3.673079
63.362397,9.730620
61.260856,8.219286
57.691208,10.487555
64.608732,9.697174
51.824514,9.562712
32.834398,9.550709
45.876148,8.781739
57.954109,4.619845
47.137370,2.333906
44.333019,6.510745
45.209987,5.978218
51.885982,8.234930
31.007519,3.561999
40.658609,9.050905
46.181720,32.798807
27.320335,7.890503
42.754517,0.135708
37.984564,11.555314
35.223631,13.141198
35.707589,9.909135
33.672520,0.721060
41.933600,1.904359
32.757882,1.264295
27.762720,2.141323
42.820254,2.805880
53.329640,16.261058
48.592346,0.623453
52.134080,1.841486
53.591324,5.873874
48.922393,6.389788
37.830153,0.602268
41.178611,2.429656
30.436683,6.289654
48.044541,0.399570
49.068732,4.264286
47.926183,0.633492
57.028228,0.056206
50.583157,31.393404
27.360232,3.030683
37.088284,14.786843
