31.766322,3.100229
37.298566,7.270007
37.110786,7.871943
39.803891,7.979882
32.784061,7.095650
28.789082,8.505084
39.915280,0.682551
35.345884,6.607627
40.561966,5.530485
45.620888,10.136739
40.950038,11.645870
53.604422,32.675961
64.545579,66.767083
18.556737,2.184510
24.932703,11.292611
26.703068,3.511167
28.344470,15.026285
20.923728,8.322026
27.016447,12.462847
27.081616,14.774934
13.430307,4.233850
10.925985,0.153472
71.505680,1.838165
70.907440,4.584890
10.850473,3.011801
11.655381,4.823158
12.632488,11.883270
64.183509,9.883706
59.127095,4.802855
57.392323,6.374345
53.741857,2.393930
52.966554,11.608775
52.120430,11.434427
39.908762,18.538521
25.176096,4.350279
31.344878,7.107037
31.849170,5.481678
32.985522,19.128853
36.880874,12.429912
46.354782,3.673079
43.862570,9.730620
43.613481,8.219286
41.441067,10.487555
47.377523,9.697174
37.920844,9.562712
23.446855,9.550709
32.617043,8.781739
40.285721,4.619845
32.490152,2.333906
28.525528,6.510745
29.130854,5.978218
31.772711,8.234930
18.777583,3.561999
24.647264,9.050905
39.080997,32.798807
16.956195,7.890503
38.323077,0.135708
34.093922,11.555314
31.578241,13.141198
31.953600,9.909135
30.077431,0.721060
37.499106,1.904359
29.263078,1.264295
24.773520,2.141323
38.124122,2.805880
34.994722,16.261058
38.610988,0.623453
39.751371,1.841486
37.915846,5.873874
35.893722,6.389788
29.692369,0.602268
33.890355,2.429656
23.142159,6.289654
40.205063,0.399570
39.220307,4.264286
33.962650,0.633492
46.571725,0.056206
37.967543,31.393404
16.493029,3.030683
29.343347,14.786843
