30.778478,3.100229
35.692920,7.270007
35.158558,7.871943
37.560949,7.979882
30.804208,7.095650
26.856443,8.505084
38.278836,0.682551
34.091850,6.607627
39.572838,5.530485
45.145286,10.136739
40.385700,11.645870
52.265261,32.675961
62.532239,66.767083
19.873083,2.184510
26.729459,11.292611
26.699875,3.511167
32.314122,15.026285
25.668156,8.322026
33.000482,12.462847
33.123455,14.774934
16.639633,4.233850
13.414900,0.153472
67.419203,1.838165
66.674149,4.584890
13.118300,3.011801
13.832396,4.823158
15.231181,11.883270
60.562353,9.883706
56.103408,4.802855
54.631652,6.374345
51.273409,2.393930
50.868838,11.608775
50.212574,11.434427
38.527233,18.538521
26.830679,4.350279
33.416455,7.107037
33.293099,5.481678
39.730157,19.128853
43.711627,12.429912
53.979516,3.673079
50.282116,9.730620
49.053133,8.219286
46.320525,10.487555
52.186591,9.697174
41.834835,9.562712
26.315808,9.550709
36.719073,8.781739
46.053635,4.619845
37.352402,2.333906
34.242685,6.510745
34.940287,5.978218
39.175259,8.234930
23.188446,3.561999
30.418064,9.050905
38.433041,32.798807
20.768066,7.890503
35.741655,0.135708
31.755287,11.555314
29.446178,13.141198
29.849111,9.909135
28.146203,0.721060
35.052843,1.904359
27.381763,1.264295
23.205467,2.141323
35.788153,2.805880
41.515587,16.261058
40.022578,0.623453
42.545194,1.841486
42.828791,5.873874
39.522094,6.389788
31.078613,0.602268
34.133728,2.429656
24.821327,6.289654
39.924617,0.399570
40.462381,4.264286
38.320738,0.633492
47.211056,0.056206
41.116244,31.393404
20.437710,3.030683
30.520505,14.786843
