28.496401,3.100229
33.458749,7.270007
33.284018,7.871943
35.694907,7.979882
29.394570,7.095650
25.802182,8.505084
35.806739,0.682551
31.708166,6.607627
36.383546,5.530485
40.906402,10.136739
36.722267,11.645870
48.082940,32.675961
57.901513,66.767083
16.530816,2.184510
22.207484,11.292611
23.933529,3.511167
24.935149,15.026285
17.611652,8.322026
22.875619,12.462847
22.892501,14.774934
10.989422,4.233850
8.166527,0.153472
64.122087,1.838165
63.578542,4.584890
7.436606,3.011801
7.140684,4.823158
8.521576,11.883270
57.557646,9.883706
53.032228,4.802855
51.479897,6.374345
48.207379,2.393930
47.515030,11.608775
46.756350,11.434427
35.801375,18.538521
22.442021,4.350279
27.939637,7.107037
28.453250,5.481678
28.304580,19.128853
31.965446,12.429912
40.493852,3.673079
38.523731,9.730620
38.504134,8.219286
36.639177,10.487555
42.014047,9.697174
33.618004,9.562712
20.710416,9.550709
28.789486,8.781739
35.411896,4.619845
28.509886,2.333906
24.536688,6.510745
25.071517,5.978218
26.484457,8.234930
14.515931,3.561999
18.979470,9.050905
35.049030,32.798807
14.305938,7.890503
34.346442,0.135708
30.553263,11.555314
28.301163,13.141198
28.640917,9.909135
26.962114,0.721060
33.612901,1.904359
26.231979,1.264295
22.208774,2.141323
34.181012,2.805880
30.315568,16.261058
34.521847,0.623453
35.414478,1.841486
33.438331,5.873874
31.832574,6.389788
26.522931,0.602268
30.364155,2.429656
20.611335,6.289654
36.045687,0.399570
35.081053,4.264286
29.960378,0.633492
41.710153,0.056206
33.767648,31.393404
13.099757,3.030683
26.227427,14.786843
