29.603777,3.100229
34.535812,7.270007
34.172367,7.871943
36.568848,7.979882
30.043136,7.095650
26.264621,8.505084
37.000891,0.682551
32.863552,6.607627
37.930780,5.530485
42.952093,10.136739
38.493202,11.645870
50.112126,32.675961
60.148542,66.767083
18.054468,2.184510
24.267429,11.292611
25.260387,3.511167
28.186229,15.026285
21.246210,8.322026
27.405310,12.462847
27.479970,14.774934
13.666033,4.233850
11.109222,0.153472
65.661560,1.838165
65.007773,4.584890
11.017345,3.011801
11.815184,4.823158
12.823703,11.883270
58.964511,9.883706
54.493036,4.802855
52.988447,6.374345
49.680071,2.393930
49.136900,11.608775
48.430775,11.434427
37.123035,18.538521
24.449585,4.350279
30.444355,7.107037
30.699014,5.481678
33.341739,19.128853
37.113545,12.429912
46.404398,3.673079
43.695071,9.730620
43.177135,8.219286
40.940388,10.487555
46.568864,9.697174
37.293892,9.562712
23.195881,9.550709
32.300691,8.781739
40.096196,4.619845
32.395629,2.333906
28.807607,6.510745
29.412305,5.978218
32.298558,8.234930
19.102923,3.561999
25.072771,9.050905
36.686892,32.798807
17.211242,7.890503
34.957101,0.135708
31.072759,11.555314
28.801548,13.141198
29.176914,9.909135
27.494243,0.721060
34.254986,1.904359
26.748385,1.264295
22.659544,2.141323
34.916935,2.805880
35.225063,16.261058
37.090797,0.623453
38.666569,1.841486
37.590352,5.873874
35.276354,6.389788
28.634768,0.602268
32.163242,2.429656
22.528547,6.289654
37.914092,0.399570
37.603413,4.264286
33.658676,0.633492
44.323227,0.056206
37.092589,31.393404
16.784743,3.030683
28.227109,14.786843
