26.851958,3.100229
31.431739,7.270007
31.190172,7.871943
33.416455,7.979882
27.488697,7.095650
24.085072,8.505084
33.655213,0.682551
29.845035,6.607627
34.342490,5.530485
38.748773,10.136739
34.755662,11.645870
45.378692,32.675961
54.558865,66.767083
16.005470,2.184510
21.508875,11.292611
22.730843,3.511167
24.712843,15.026285
18.499862,8.322026
23.859433,12.462847
23.924959,14.774934
11.927117,4.233850
9.810687,0.153472
60.016390,1.838165
59.467228,4.584890
9.834861,3.011801
10.679927,4.823158
11.468700,11.883270
53.882684,9.883706
49.715113,4.802855
48.298031,6.374345
45.253203,2.393930
44.675948,11.608775
43.996356,11.434427
33.705143,18.538521
21.695791,4.350279
27.013493,7.107037
27.349617,5.481678
29.041378,19.128853
32.372463,12.429912
40.562222,3.673079
38.278548,9.730620
37.938224,8.219286
36.010315,10.487555
41.065715,9.697174
32.877669,9.562712
20.388505,9.550709
28.377166,8.781739
35.140457,4.619845
28.367784,2.333906
25.098052,6.510745
25.626531,5.978218
28.139077,8.234930
16.795100,3.561999
22.055202,9.050905
33.148460,32.798807
14.985312,7.890503
32.058696,0.135708
28.508404,11.555314
26.414930,13.141198
26.744240,9.909135
25.187981,0.721060
31.392345,1.904359
24.505347,1.264295
20.752560,2.141323
31.957232,2.805880
30.722159,16.261058
33.103639,0.623453
34.282431,1.841486
33.006127,5.873874
31.109790,6.389788
25.503647,0.602268
28.892475,2.429656
19.965853,6.289654
34.174446,0.399570
33.595732,4.264286
29.559249,0.633492
39.755875,0.056206
32.812201,31.393404
14.703611,3.030683
25.174199,14.786843
