31.873618,3.100229
37.124483,7.270007
36.686391,7.871943
39.239274,7.979882
32.219418,7.095650
28.141778,8.505084
39.785302,0.682551
35.362730,6.607627
40.875222,5.530485
46.370026,10.136739
41.538447,11.645870
53.997941,32.675961
64.759556,66.767083
19.678225,2.184510
26.453143,11.292611
27.306058,3.511167
30.928645,15.026285
23.435806,8.322026
30.228824,12.462847
30.311781,14.774934
15.058351,4.233850
12.151756,0.153472
70.448849,1.838165
69.723328,4.584890
11.966727,3.011801
12.726719,4.823158
13.911596,11.883270
63.269781,9.883706
58.513651,4.802855
56.921435,6.374345
53.383147,2.393930
52.844457,11.608775
52.105966,11.434427
39.950722,18.538521
26.633545,4.350279
33.165124,7.107037
33.365683,5.481678
36.755244,19.128853
40.867457,12.429912
51.021904,3.673079
47.972385,9.730620
47.313197,8.219286
44.833079,10.487555
50.916951,9.697174
40.782850,9.562712
25.412336,9.550709
35.398242,8.781739
44.009282,4.619845
35.576699,2.333906
31.750363,6.510745
32.415097,5.978218
35.620718,8.234930
20.955476,3.561999
27.495144,9.050905
39.574960,32.798807
18.985066,7.890503
37.454385,0.135708
33.287129,11.555314
30.858446,13.141198
31.267491,9.909135
29.470755,0.721060
36.712477,1.904359
28.670968,1.264295
24.291471,2.141323
37.441815,2.805880
38.790825,16.261058
40.272134,0.623453
42.141158,1.841486
41.209457,5.873874
38.568476,6.389788
31.126891,0.602268
34.799483,2.429656
24.558939,6.289654
40.949105,0.399570
40.805480,4.264286
36.895055,0.633492
47.994625,0.056206
40.479687,31.393404
18.454362,3.030683
30.660772,14.786843
