23.810142,3.100229
27.988748,7.270007
27.870960,7.871943
29.902576,7.979882
24.636579,7.095650
21.644660,8.505084
29.946688,0.682551
26.504608,6.607627
30.381901,5.530485
34.118709,10.136739
30.637196,11.645870
40.153530,32.675961
48.379981,66.767083
13.713791,2.184510
18.421945,11.292611
19.946151,3.511167
20.616067,15.026285
14.516599,8.322026
18.858147,12.462847
18.871236,14.774934
9.055351,4.233850
6.728759,0.153472
53.721834,1.838165
53.282803,4.584890
6.127345,3.011801
5.883614,4.823158
7.021300,11.883270
48.217965,9.883706
44.400237,4.802855
43.086383,6.374345
40.338184,2.393930
39.733332,11.608775
39.087481,11.434427
29.923640,18.538521
18.623101,4.350279
23.184714,7.107037
23.639756,5.481678
23.345422,19.128853
26.381873,12.429912
33.446311,3.673079
31.842410,9.730620
31.856331,8.219286
30.323119,10.487555
34.798617,9.697174
27.842146,9.562712
17.136580,9.550709
23.817809,8.781739
29.274201,4.619845
23.562067,2.333906
20.240309,6.510745
20.682159,5.978218
21.826639,8.234930
11.960324,3.561999
15.638027,9.050905
29.247988,32.798807
11.792434,7.890503
28.813089,0.135708
25.635437,11.555314
23.742247,13.141198
24.021833,9.909135
22.608822,0.721060
28.189596,1.904359
21.996808,1.264295
18.620745,2.141323
28.651398,2.805880
25.019195,16.261058
28.697437,0.623453
29.380545,1.841486
27.659092,5.873874
26.366242,6.389788
22.034174,0.602268
25.291696,2.429656
17.097414,6.289654
30.056301,0.399570
29.171462,4.264286
24.783638,0.633492
34.725989,0.056206
27.995077,31.393404
10.793571,3.030683
21.797529,14.786843
