24.801676,3.100229
28.736320,7.270007
28.290405,7.871943
30.218110,7.979882
24.778126,7.095650
21.597972,8.505084
30.822466,0.682551
27.462050,6.607627
31.906985,5.530485
36.451435,10.136739
32.596596,11.645870
42.138392,32.675961
50.388851,66.767083
16.252541,2.184510
21.864770,11.292611
21.584090,3.511167
26.865436,15.026285
22.058696,8.322026
28.271315,12.462847
28.402504,14.774934
14.464117,4.233850
11.860394,0.153472
54.237433,1.838165
53.632420,4.584890
11.705372,3.011801
12.475776,4.823158
13.612131,11.883270
48.722790,9.883706
45.147149,4.802855
43.970191,6.374345
41.272629,2.393930
40.964014,11.608775
40.444351,11.434427
31.036953,18.538521
21.919905,4.350279
27.302271,7.107037
27.097191,5.481678
33.757655,19.128853
36.861631,12.429912
45.203793,3.673079
41.878337,9.730620
40.614424,8.219286
38.283706,10.487555
42.962901,9.697174
34.454533,9.562712
21.775373,9.550709
30.410426,8.781739
38.321827,4.619845
31.139312,2.333906
29.045688,6.510745
29.625338,5.978218
33.818873,8.234930
20.410365,3.561999
26.789282,9.050905
31.011501,32.798807
17.826105,7.890503
28.743295,0.135708
25.536694,11.555314
23.680402,13.141198
24.005511,9.909135
22.637103,0.721060
28.191014,1.904359
22.022232,1.264295
18.663972,2.141323
28.786143,2.805880
35.024027,16.261058
32.525866,0.623453
34.789611,1.841486
35.505978,5.873874
32.533613,6.389788
25.300801,0.602268
27.619275,2.429656
20.305945,6.289654
32.248642,0.399570
32.857221,4.264286
31.758172,0.633492
38.234711,0.056206
33.709203,31.393404
17.903434,3.030683
24.818363,14.786843
