29.304790,3.100229
34.447689,7.270007
34.302720,7.871943
36.803170,7.979882
30.321943,7.095650
26.639582,8.505084
36.857462,0.682551
32.621056,6.607627
37.393109,5.530485
41.992258,10.136739
37.707318,11.645870
49.419729,32.675961
59.544593,66.767083
16.878512,2.184510
22.673163,11.292611
24.549109,3.511167
25.373621,15.026285
17.866583,8.322026
23.210027,12.462847
23.226137,14.774934
11.145047,4.233850
8.281549,0.153472
66.119180,1.838165
65.578834,4.584890
7.541348,3.011801
7.241371,4.823158
8.641600,11.883270
59.345188,9.883706
54.646445,4.802855
53.029394,6.374345
49.646996,2.393930
48.902562,11.608775
48.107669,11.434427
36.829095,18.538521
22.920740,4.350279
28.535032,7.107037
29.095084,5.481678
28.732827,19.128853
32.469997,12.429912
41.164690,3.673079
39.190658,9.730620
39.207792,8.219286
37.320762,10.487555
42.829067,9.697174
34.267257,9.562712
21.091176,9.550709
29.314226,8.781739
36.029786,4.619845
28.999467,2.333906
24.911149,6.510745
25.454965,5.978218
26.863555,8.234930
14.720399,3.561999
19.246802,9.050905
35.997524,32.798807
14.513764,7.890503
35.462263,0.135708
31.551307,11.555314
29.221226,13.141198
29.565333,9.909135
27.826242,0.721060
34.694888,1.904359
27.072994,1.264295
22.917840,2.141323
35.263259,2.805880
30.792856,16.261058
35.319922,0.623453
36.160670,1.841486
34.041960,5.873874
32.450759,6.389788
27.118983,0.602268
31.128241,2.429656
21.042970,6.289654
36.992370,0.399570
35.903338,4.264286
30.502939,0.633492
42.739679,0.056206
34.455479,31.393404
13.284395,3.030683
26.827727,14.786843
