26.915888,3.100229
31.462528,7.270007
31.179270,7.871943
33.385448,7.979882
27.444911,7.095650
24.017412,8.505084
33.696928,0.682551
29.901688,6.607627
34.447389,5.530485
38.912232,10.136739
34.893529,11.645870
45.514724,32.675961
54.688207,66.767083
16.090478,2.184510
21.621961,11.292611
22.841880,3.511167
24.652911,15.026285
17.689676,8.322026
22.957819,12.462847
22.980635,14.774934
11.060038,4.233850
8.224030,0.153472
59.953018,1.838165
59.379436,4.584890
7.488976,3.011801
7.190728,4.823158
8.581584,11.883270
53.832096,9.883706
49.708537,4.802855
48.312609,6.374345
45.280333,2.393930
44.739001,11.608775
44.074166,11.434427
33.772415,18.538521
21.815824,4.350279
27.162561,7.107037
27.513711,5.481678
28.326482,19.128853
31.881781,12.429912
40.231253,3.673079
38.136816,9.730620
37.945816,8.219286
36.053395,10.487555
41.192835,9.697174
32.973713,9.562712
20.399731,9.550709
28.378349,8.781739
35.033539,4.619845
28.242337,2.333906
24.538599,6.510745
25.069139,5.978218
26.627840,8.234930
14.617929,3.561999
19.112906,9.050905
33.272549,32.798807
14.364912,7.890503
31.967231,0.135708
28.420220,11.555314
26.338767,13.141198
26.675542,9.909135
25.130953,0.721060
31.315361,1.904359
24.449503,1.264295
20.708990,2.141323
31.901496,2.805880
30.242407,16.261058
33.302701,0.623453
34.465543,1.841486
32.987558,5.873874
31.207391,6.389788
25.656361,0.602268
29.044517,2.429656
20.070344,6.289654
34.326838,0.399570
33.796402,4.264286
29.548622,0.633492
39.975949,0.056206
32.964297,31.393404
13.190653,3.030683
25.325777,14.786843
