29.806124,3.100229
34.565109,7.270007
34.047516,7.871943
36.373951,7.979882
29.830707,7.095650
26.007673,8.505084
37.069348,0.682551
33.014743,6.607627
38.322809,5.530485
43.719685,10.136739
39.110291,11.645870
50.614283,32.675961
60.556718,66.767083
19.247887,2.184510
25.888633,11.292611
25.856987,3.511167
31.304839,15.026285
24.889081,8.322026
31.994723,12.462847
32.115109,14.774934
16.144837,4.233850
13.043545,0.153472
65.288614,1.838165
64.567066,4.584890
12.780089,3.011801
13.507657,4.823158
14.843626,11.883270
58.648466,9.883706
54.330514,4.802855
52.905320,6.374345
49.653235,2.393930
49.261577,11.608775
48.626118,11.434427
37.310011,18.538521
25.986296,4.350279
32.364838,7.107037
32.244048,5.481678
38.508413,19.128853
42.358755,12.429912
52.300661,3.673079
48.713155,9.730620
47.517831,8.219286
44.869533,10.487555
50.549018,9.697174
40.522312,9.562712
25.491915,9.550709
35.569961,8.781739
44.615898,4.619845
36.187516,2.333906
33.188023,6.510745
33.863745,5.978218
37.994385,8.234930
22.528833,3.561999
29.555496,9.050905
37.219218,32.798807
20.136680,7.890503
34.612076,0.135708
30.751687,11.555314
28.515560,13.141198
28.905765,9.909135
27.256684,0.721060
33.945043,1.904359
26.516402,1.264295
22.472095,2.141323
34.657139,2.805880
40.231086,16.261058
38.760917,0.623453
41.206684,1.841486
41.489137,5.873874
38.281872,6.389788
30.099412,0.602268
33.056412,2.429656
24.040552,6.289654
38.663990,0.399570
39.186561,4.264286
37.121895,0.633492
45.721340,0.056206
39.823922,31.393404
19.843715,3.030683
29.558555,14.786843
