28.374429,3.100229
33.164398,7.270007
32.867312,7.871943
35.194679,7.979882
28.934400,7.095650
25.325510,8.505084
35.519820,0.682551
31.520391,6.607627
36.318354,5.530485
41.041760,10.136739
36.799021,11.645870
47.986202,32.675961
57.651621,66.767083
17.075263,2.184510
22.948394,11.292611
24.101830,3.511167
26.476095,15.026285
19.853653,8.322026
25.610405,12.462847
25.679511,14.774934
12.780373,4.233850
10.446685,0.153472
63.202831,1.838165
62.601160,4.584890
10.414016,3.011801
11.235945,4.823158
12.132351,11.883270
56.749438,9.883706
52.398997,4.802855
50.926444,6.374345
47.729730,2.393930
47.159505,11.608775
46.459621,11.434427
35.600963,18.538521
23.137004,4.350279
28.808746,7.107037
29.119831,5.481678
31.176762,19.128853
34.741675,12.429912
43.502288,3.673079
41.021927,9.730620
40.613034,8.219286
38.534230,10.487555
43.901342,9.697174
35.151644,9.562712
21.823156,9.550709
30.379591,8.781739
37.653351,4.619845
30.405404,2.333906
26.942506,6.510745
27.509497,5.978218
30.185040,8.234930
17.925503,3.561999
23.533223,9.050905
35.086551,32.798807
16.083281,7.890503
33.708567,0.135708
29.969615,11.555314
27.773652,13.141198
28.127280,9.909135
26.497355,0.721060
33.018988,1.904359
25.778912,1.264295
21.834426,2.141323
33.633515,2.805880
32.971504,16.261058
35.220378,0.623453
36.572093,1.841486
35.342372,5.873874
33.257078,6.389788
27.157382,0.602268
30.657410,2.429656
21.302866,6.289654
36.209989,0.399570
35.728836,4.264286
31.649418,0.633492
42.211062,0.056206
35.035129,31.393404
15.723298,3.030683
26.791985,14.786843
