21.673319,3.100229
25.447499,7.270007
25.314605,7.871943
27.148239,7.979882
22.356434,7.095650
19.624194,8.505084
27.233294,0.682551
24.116070,6.607627
27.671993,5.530485
31.111911,10.136739
27.929611,11.645870
36.570123,32.675961
44.037771,66.767083
12.572734,2.184510
16.890199,11.292611
18.202966,3.511167
18.964761,15.026285
13.394778,8.322026
17.398358,12.462847
17.411198,14.774934
8.358152,4.233850
6.211162,0.153472
48.768911,1.838165
48.355510,4.584890
5.656010,3.011801
5.430943,4.823158
6.481198,11.883270
43.776238,9.883706
40.334371,4.802855
39.153725,6.374345
36.664767,2.393930
36.138192,11.608775
35.561168,11.434427
27.229215,18.538521
17.068579,4.350279
21.249865,7.107037
21.640500,5.481678
21.527427,19.128853
24.311748,12.429912
30.798141,3.673079
29.299739,9.730620
29.284835,8.219286
27.866416,10.487555
31.954346,9.697174
25.568622,9.562712
15.751584,9.550709
21.896229,8.781739
26.932991,4.619845
21.683575,2.333906
18.661706,6.510745
19.068478,5.978218
20.143108,8.234930
11.040286,3.561999
14.435090,9.050905
26.657009,32.798807
10.880572,7.890503
26.122646,0.135708
23.237693,11.555314
21.524828,13.141198
21.783233,9.909135
20.506397,0.721060
25.564742,1.904359
19.951082,1.264295
16.891180,2.141323
25.996826,2.805880
23.056911,16.261058
26.256053,0.623453
26.934955,1.841486
25.431970,5.873874
24.210690,6.389788
20.172370,0.602268
23.093865,2.429656
15.676227,6.289654
27.415029,0.399570
26.681364,4.264286
22.786766,0.633492
31.723215,0.056206
25.682436,31.393404
9.963196,3.030683
19.947620,14.786843
