24.646442,3.100229
28.621767,7.270007
28.220772,7.871943
30.159376,7.979882
24.742437,7.095650
21.581966,8.505084
30.688422,0.682551
27.314248,6.607627
31.661508,5.530485
36.050466,10.136739
32.265163,11.645870
41.819755,32.675961
50.074453,66.767083
15.655397,2.184510
21.052295,11.292611
21.288540,3.511167
25.127006,15.026285
19.660880,8.322026
25.292226,12.462847
25.381450,14.774934
12.751584,4.233850
10.458636,0.153472
54.137666,1.838165
53.550795,4.584890
10.425145,3.011801
11.246523,4.823158
12.145103,11.883270
48.628531,9.883706
45.026294,4.802855
43.831901,6.374345
41.128296,2.393930
40.775500,11.608775
40.235469,11.434427
30.864677,18.538521
21.156453,4.350279
26.347685,7.107037
26.347762,5.481678
30.528623,19.128853
33.702047,12.429912
41.779316,3.673079
39.051683,9.730620
38.254704,8.219286
36.171677,10.487555
40.878023,9.697174
32.758876,9.562712
20.531960,9.550709
28.630160,8.781739
35.789320,4.619845
28.991591,2.333906
26.330144,6.510745
26.871166,5.978218
29.995399,8.234930
17.943523,3.561999
23.557741,9.050905
30.717162,32.798807
15.910781,7.890503
28.722580,0.135708
25.520997,11.555314
23.663664,13.141198
23.984902,9.909135
22.613979,0.721060
28.165110,1.904359
21.999918,1.264295
18.643135,2.141323
28.747613,2.805880
32.002314,16.261058
31.721585,0.623453
33.519784,1.841486
33.369694,5.873874
30.960301,6.389788
24.589429,0.602268
27.185158,2.429656
19.547668,6.289654
31.865561,0.399570
32.096910,4.264286
29.864430,0.633492
37.561373,0.056206
32.318651,31.393404
15.729018,3.030683
24.175502,14.786843
