34.179068,3.100229
39.678063,7.270007
39.112022,7.871943
41.794839,7.979882
34.284746,7.095650
29.901077,8.505084
42.545528,0.682551
37.873760,6.607627
43.916371,5.530485
50.025903,10.136739
44.768453,11.645870
58.005390,32.675961
69.441798,66.767083
21.775631,2.184510
29.283131,11.292611
29.550919,3.511167
34.981682,15.026285
27.223786,8.322026
35.061046,12.462847
35.173833,14.774934
17.545674,4.233850
14.050612,0.153472
75.022466,1.838165
74.204683,4.584890
13.696364,3.011801
14.387431,4.823158
15.893579,11.883270
67.389265,9.883706
62.405690,4.802855
60.755211,6.374345
57.011142,2.393930
56.532224,11.608775
55.788390,11.434427
42.797854,18.538521
29.423567,4.350279
36.643660,7.107037
36.623839,5.481678
42.412624,19.128853
46.879142,12.429912
58.151477,3.673079
54.366474,9.730620
53.255681,8.219286
50.352987,10.487555
56.892856,9.697174
45.594040,9.562712
28.582764,9.550709
39.857287,8.781739
49.825363,4.619845
40.360322,2.333906
36.592018,6.510745
37.346698,5.978218
41.449858,8.234930
24.324949,3.561999
31.902345,9.050905
42.616839,32.798807
22.041296,7.890503
39.793976,0.135708
35.357482,11.555314
32.784953,13.141198
33.231105,9.909135
31.332764,0.721060
39.023286,1.904359
30.481901,1.264295
25.831474,2.141323
39.833777,2.805880
44.512556,16.261058
44.082541,0.623453
46.623107,1.841486
46.456321,5.873874
43.089377,6.389788
34.181007,0.602268
37.744753,2.429656
27.190549,6.289654
44.223470,0.399570
44.597737,4.264286
41.576153,0.633492
52.162063,0.056206
44.965022,31.393404
21.478135,3.030683
33.599412,14.786843
