26.178739,3.100229
31.119879,7.270007
31.312774,7.871943
33.748562,7.979882
27.953345,7.095650
24.808139,8.505084
33.228807,0.682551
29.255705,6.607627
33.216084,5.530485
36.907348,10.136739
33.221961,11.645870
43.920614,32.675961
53.197176,66.767083
14.193475,2.184510
19.057329,11.292611
21.424740,3.511167
20.830796,15.026285
14.413015,8.322026
18.735342,12.462847
18.744626,14.774934
8.979902,4.233850
6.671249,0.153472
60.692950,1.838165
60.399399,4.584890
6.075024,3.011801
5.836390,4.823158
6.961416,11.883270
54.424357,9.883706
49.798503,4.802855
48.161267,6.374345
44.984605,2.393930
44.028200,11.608775
43.189547,11.434427
33.003644,18.538521
19.317304,4.350279
24.045128,7.107037
24.750745,5.481678
23.250675,19.128853
26.367188,12.429912
33.580339,3.673079
32.118021,9.730620
32.334444,8.219286
30.846230,10.487555
35.593835,9.697174
28.461257,9.562712
17.406608,9.550709
24.167517,8.781739
29.553302,4.619845
23.745021,2.333906
20.171823,6.510745
20.615720,5.978218
21.656674,8.234930
11.858123,3.561999
15.504390,9.050905
31.781700,32.798807
11.710914,7.890503
33.036768,0.135708
29.454953,11.555314
27.229737,13.141198
27.476255,9.909135
25.793986,0.721060
32.211683,1.904359
25.098836,1.264295
21.215114,2.141323
32.548488,2.805880
24.999640,16.261058
30.177783,0.623453
30.416572,1.841486
28.032654,5.873874
26.972764,6.389788
23.054656,0.602268
27.040119,2.429656
17.683475,6.289654
32.434064,0.399570
30.754265,4.264286
25.127889,0.633492
36.979278,0.056206
28.833723,31.393404
10.701554,3.030683
22.880721,14.786843
