29.234120,3.100229
34.104161,7.270007
33.744970,7.871943
36.111366,7.979882
29.667197,7.095650
25.935839,8.505084
36.538502,0.682551
32.453044,6.607627
37.457417,5.530485
42.416759,10.136739
38.013286,11.645870
49.486711,32.675961
59.397472,66.767083
17.831765,2.184510
23.968143,11.292611
24.945880,3.511167
27.843498,15.026285
20.999056,8.322026
27.084645,12.462847
27.158957,14.774934
13.511390,4.233850
10.994201,0.153472
64.840082,1.838165
64.194345,4.584890
10.912604,3.011801
11.714614,4.823158
12.703681,11.883270
58.226852,9.883706
53.811554,4.802855
52.325921,6.374345
49.059007,2.393930
48.522917,11.608775
47.825758,11.434427
36.659352,18.538521
24.147747,4.350279
30.068531,7.107037
30.318885,5.481678
32.946461,19.128853
36.669138,12.429912
45.844277,3.673079
43.164681,9.730620
42.650100,8.219286
40.439854,10.487555
45.997570,9.697174
36.836537,9.562712
22.912588,9.550709
31.906514,8.781739
39.609058,4.619845
32.002770,2.333906
28.465264,6.510745
29.062580,5.978218
31.926390,8.234930
18.898478,3.561999
24.805459,9.050905
36.229376,32.798807
17.010562,7.890503
34.519501,0.135708
30.683759,11.555314
28.441002,13.141198
28.811701,9.909135
27.150123,0.721060
33.826224,1.904359
26.413599,1.264295
22.375950,2.141323
34.479986,2.805880
34.803480,16.261058
36.630979,0.623453
38.189564,1.841486
37.132044,5.873874
34.843558,6.389788
28.280266,0.602268
31.763104,2.429656
22.250730,6.289654
37.441710,0.399570
37.136946,4.264286
33.248179,0.633492
43.772211,0.056206
36.635972,31.393404
16.600268,3.030683
27.877340,14.786843
