31.742757,3.100229
37.010293,7.270007
36.603804,7.871943
39.163559,7.979882
32.168353,7.095650
28.113070,8.505084
39.655884,0.682551
35.230868,6.607627
40.683920,5.530485
46.098194,10.136739
41.306669,11.645870
53.747973,32.675961
64.494207,66.767083
19.436073,2.184510
26.125406,11.292611
27.122514,3.511167
30.397763,15.026285
22.912839,8.322026
29.561942,12.462847
29.640665,14.774934
14.716026,4.233850
11.892316,0.153472
70.317731,1.838165
69.608742,4.584890
11.730455,3.011801
12.499876,4.823158
13.640852,11.883270
63.148070,9.883706
58.374536,4.802855
56.771194,6.374345
53.232241,2.393930
52.666203,11.608775
51.916724,11.434427
39.798788,18.538521
26.316172,4.350279
32.769001,7.107037
33.019888,5.481678
35.977880,19.128853
40.049030,12.429912
50.065384,3.673079
47.129022,9.730620
46.549791,8.219286
44.131120,10.487555
50.177474,9.697174
40.185626,9.562712
25.006403,9.550709
34.824584,8.781739
43.244787,4.619845
34.943593,2.333906
31.086146,6.510745
31.738827,5.978218
34.816344,8.234930
20.494694,3.561999
26.892557,9.050905
39.363493,32.798807
18.563155,7.890503
37.416882,0.135708
33.257163,11.555314
30.827946,13.141198
31.232310,9.909135
29.433536,0.721060
36.669260,1.904359
28.634954,1.264295
24.258932,2.141323
37.385273,2.805880
38.011360,16.261058
39.882303,0.623453
41.624635,1.841486
40.530984,5.873874
38.009482,6.389788
30.801049,0.602268
34.544635,2.429656
24.253768,6.289654
40.697216,0.399570
40.426198,4.264286
36.290744,0.633492
47.617510,0.056206
39.945810,31.393404
18.039984,3.030683
30.355445,14.786843
