29.754464,3.100229
34.597731,7.270007
34.144914,7.871943
36.502903,7.979882
29.957027,7.095650
26.144213,8.505084
37.088054,0.682551
32.990969,6.607627
38.194521,5.530485
43.417450,10.136739
38.874344,11.645870
50.452258,32.675961
60.453117,66.767083
18.649384,2.184510
25.074286,11.292611
25.606296,3.511167
29.613216,15.026285
22.748957,8.322026
29.314121,12.462847
29.403156,14.774934
14.660845,4.233850
11.868021,0.153472
65.529253,1.838165
64.833139,4.584890
11.708432,3.011801
12.478695,4.823158
13.615616,11.883270
58.857101,9.883706
54.470772,4.802855
53.010365,6.374345
49.729972,2.393930
49.271486,11.608775
48.603486,11.434427
37.275812,18.538521
25.221513,4.350279
31.408530,7.107037
31.501070,5.481678
35.540116,19.128853
39.396439,12.429912
49.030491,3.673079
45.975150,9.730620
45.198105,8.219286
42.784640,10.487555
48.473937,9.697174
38.835896,9.562712
24.267807,9.550709
33.821001,8.781739
42.157090,4.619845
34.112283,2.333906
30.680661,6.510745
31.318009,5.978218
34.621572,8.234930
20.450022,3.561999
26.834603,9.050905
37.021602,32.798807
18.421829,7.890503
34.794864,0.135708
30.919113,11.555314
28.666758,13.141198
29.052407,9.909135
27.388398,0.721060
34.114202,1.904359
26.644860,1.264295
22.577592,2.141323
34.808852,2.805880
37.401070,16.261058
37.971881,0.623453
39.934007,1.841486
39.395520,5.873874
36.715672,6.389788
29.393301,0.602268
32.668619,2.429656
23.280526,6.289654
38.361192,0.399570
38.446739,4.264286
35.264470,0.633492
45.099653,0.056206
38.431603,31.393404
17.994505,3.030683
28.924824,14.786843
