22.253240,3.100229
25.871582,7.270007
25.530451,7.871943
27.292639,7.979882
22.397676,7.095650
19.546126,8.505084
27.734463,0.682551
24.672353,6.607627
28.568329,5.530485
32.482525,10.136739
29.081881,11.645870
37.736396,32.675961
45.212576,66.767083
13.983647,2.184510
18.801965,11.292611
19.161019,3.511167
22.283728,15.026285
17.324945,8.322026
22.288835,12.462847
22.366656,14.774934
11.251066,4.233850
9.326309,0.153472
48.994853,1.838165
48.473408,4.584890
9.393861,3.011801
10.256325,4.823158
10.963360,11.883270
44.006491,9.883706
40.728837,4.802855
39.638059,6.374345
37.186022,2.393930
36.845854,11.608775
36.347673,11.434427
27.877094,18.538521
18.907875,4.350279
23.546430,7.107037
23.599323,5.481678
26.925419,19.128853
29.766209,12.429912
36.966167,3.673079
34.611532,9.730620
33.977750,8.219286
32.150416,10.487555
36.394646,9.697174
29.160775,9.562712
18.240812,9.550709
25.426581,8.781739
31.729862,4.619845
25.687139,2.333906
23.228676,6.510745
23.707597,5.978218
26.436383,8.234930
15.932741,3.561999
20.928107,9.050905
27.694510,32.798807
14.020545,7.890503
26.013555,0.135708
23.115788,11.555314
21.432003,13.141198
21.720531,9.909135
20.476674,0.721060
25.504992,1.904359
19.920764,1.264295
16.880021,2.141323
26.025026,2.805880
28.262415,16.261058
28.439566,0.623453
29.942501,1.841486
29.624432,5.873874
27.565877,6.389788
22.021191,0.602268
24.449485,2.429656
17.457245,6.289654
28.701553,0.399570
28.791266,4.264286
26.515919,0.633492
33.757988,0.056206
28.830522,31.393404
13.920171,3.030683
21.665889,14.786843
