28.915709,3.100229
34.496599,7.270007
34.851352,7.871943
37.637728,7.979882
31.253433,7.095650
27.887206,8.505084
36.808077,0.682551
32.351804,6.607627
36.634189,5.530485
40.615530,10.136739
36.575755,11.645870
48.446076,32.675961
58.760287,66.767083
15.647016,2.184510
21.012269,11.292611
23.553567,3.511167
23.336834,15.026285
17.118983,8.322026
22.085052,12.462847
22.143209,14.774934
11.047065,4.233850
9.153874,0.153472
67.718746,1.838165
67.498836,4.584890
9.237107,3.011801
10.116049,4.823158
10.784111,11.883270
60.698598,9.883706
55.386657,4.802855
53.492784,6.374345
49.920006,2.393930
48.748358,11.608775
47.775731,11.434427
36.487608,18.538521
21.281042,4.350279
26.490701,7.107037
27.212726,5.481678
26.937984,19.128853
30.144219,12.429912
37.982963,3.673079
36.062260,9.730620
36.050549,8.219286
34.324916,10.487555
39.452633,9.697174
31.558722,9.562712
19.394068,9.550709
26.953131,8.781739
33.144645,4.619845
26.693812,2.333906
23.296464,6.510745
23.791324,5.978218
26.038815,8.234930
15.627682,3.561999
20.528786,9.050905
35.004323,32.798807
13.867937,7.890503
37.145267,0.135708
33.158982,11.555314
30.620736,13.141198
30.850465,9.909135
28.921022,0.721060
36.147710,1.904359
28.143460,1.264295
23.769795,2.141323
36.413308,2.805880
28.599959,16.261058
33.162637,0.623453
33.528508,1.841486
31.299257,5.873874
29.894204,6.389788
25.350395,0.602268
29.713565,2.429656
19.498844,6.289654
35.678875,0.399570
33.789694,4.264286
28.045378,0.633492
40.625859,0.056206
31.845008,31.393404
13.650572,3.030683
25.148392,14.786843
